           2         501
         501               1
   0.00000000       30.4937382    
  0.200000003       30.4972630    
  0.400000006       30.4993515    
  0.600000024       30.4999981    
  0.800000012       30.4992065    
   1.00000000       30.4969749    
   1.20000005       30.4933052    
   1.39999998       30.4881992    
   1.60000002       30.4816589    
   1.79999995       30.4736900    
   2.00000000       30.4642982    
   2.20000005       30.4534855    
   2.40000010       30.4412594    
   2.59999990       30.4276276    
   2.79999995       30.4125977    
   3.00000000       30.3961792    
   3.20000005       30.3783779    
   3.40000010       30.3592091    
   3.59999990       30.3386803    
   3.79999995       30.3168049    
   4.00000000       30.2935944    
   4.19999981       30.2690639    
   4.40000010       30.2432251    
   4.59999990       30.2160969    
   4.80000019       30.1876907    
   5.00000000       30.1580238    
   5.19999981       30.1271133    
   5.40000010       30.0949802    
   5.59999990       30.0616379    
   5.80000019       30.0271091    
   6.00000000       29.9914131    
   6.19999981       29.9545708    
   6.40000010       29.9166012    
   6.59999990       29.8775291    
   6.80000019       29.8373737    
   7.00000000       29.7961617    
   7.19999981       29.7539158    
   7.40000010       29.7106571    
   7.59999990       29.6664162    
   7.80000019       29.6212120    
   8.00000000       29.5750771    
   8.19999981       29.5280342    
   8.39999962       29.4801102    
   8.60000038       29.4313335    
   8.80000019       29.3817329    
   9.00000000       29.3313370    
   9.19999981       29.2801743    
   9.39999962       29.2282753    
   9.60000038       29.1756668    
   9.80000019       29.1223812    
   10.0000000       29.0684490    
   10.1999998       29.0139027    
   10.3999996       28.9587727    
   10.6000004       28.9030895    
   10.8000002       28.8468857    
   11.0000000       28.7901955    
   11.1999998       28.7330494    
   11.3999996       28.6754799    
   11.6000004       28.6175232    
   11.8000002       28.5592098    
   12.0000000       28.5005741    
   12.1999998       28.4416523    
   12.3999996       28.3824730    
   12.6000004       28.3230762    
   12.8000002       28.2634907    
   13.0000000       28.2037563    
   13.1999998       28.1439018    
   13.3999996       28.0839672    
   13.6000004       28.0239811    
   13.8000002       27.9639816    
   14.0000000       27.9040051    
   14.1999998       27.8440838    
   14.3999996       27.7842503    
   14.6000004       27.7245426    
   14.8000002       27.6649933    
   15.0000000       27.6056366    
   15.1999998       27.5465069    
   15.3999996       27.4876385    
   15.6000004       27.4290638    
   15.8000002       27.3708210    
   16.0000000       27.3129387    
   16.2000008       27.2554512    
   16.3999996       27.1983948    
   16.6000004       27.1417980    
   16.7999992       27.0856972    
   17.0000000       27.0301228    
   17.2000008       26.9751053    
   17.3999996       26.9206810    
   17.6000004       26.8668766    
   17.7999992       26.8137245    
   18.0000000       26.7612572    
   18.2000008       26.7095013    
   18.3999996       26.6584911    
   18.6000004       26.6082516    
   18.7999992       26.5588150    
   19.0000000       26.5102062    
   19.2000008       26.4624577    
   19.3999996       26.4155941    
   19.6000004       26.3696423    
   19.7999992       26.3246307    
   20.0000000       26.2805843    
   20.2000008       26.2375278    
   20.3999996       26.1954861    
   20.6000004       26.1544838    
   20.7999992       26.1145458    
   21.0000000       26.0756912    
   21.2000008       26.0379467    
   21.3999996       26.0013332    
   21.6000004       25.9658699    
   21.7999992       25.9315777    
   22.0000000       25.8984756    
   22.2000008       25.8665848    
   22.3999996       25.8359261    
   22.6000004       25.8065109    
   22.7999992       25.7783585    
   23.0000000       25.7514858    
   23.2000008       25.7259102    
   23.3999996       25.7016430    
   23.6000004       25.6786995    
   23.7999992       25.6570930    
   24.0000000       25.6368370    
   24.2000008       25.6179409    
   24.3999996       25.6004162    
   24.6000004       25.5842743    
   24.7999992       25.5695248    
   25.0000000       25.5561752    
   25.2000008       25.5442314    
   25.3999996       25.5337029    
   25.6000004       25.5245953    
   25.7999992       25.5169144    
   26.0000000       25.5106621    
   26.2000008       25.5058441    
   26.3999996       25.5024624    
   26.6000004       25.5005188    
   26.7999992       25.5000153    
   27.0000000       25.5009537    
   27.2000008       25.5033283    
   27.3999996       25.5071430    
   27.6000004       25.5123920    
   27.7999992       25.5190754    
   28.0000000       25.5271873    
   28.2000008       25.5367222    
   28.3999996       25.5476780    
   28.6000004       25.5600433    
   28.7999992       25.5738163    
   29.0000000       25.5889874    
   29.2000008       25.6055450    
   29.3999996       25.6234818    
   29.6000004       25.6427898    
   29.7999992       25.6634521    
   30.0000000       25.6854630    
   30.2000008       25.7088070    
   30.3999996       25.7334690    
   30.6000004       25.7594376    
   30.7999992       25.7866955    
   31.0000000       25.8152294    
   31.2000008       25.8450222    
   31.3999996       25.8760529    
   31.6000004       25.9083099    
   31.7999992       25.9417725    
   32.0000000       25.9764175    
   32.2000008       26.0122318    
   32.4000015       26.0491886    
   32.5999985       26.0872669    
   32.7999992       26.1264496    
   33.0000000       26.1667118    
   33.2000008       26.2080307    
   33.4000015       26.2503796    
   33.5999985       26.2937355    
   33.7999992       26.3380756    
   34.0000000       26.3833733    
   34.2000008       26.4296017    
   34.4000015       26.4767342    
   34.5999985       26.5247440    
   34.7999992       26.5736046    
   35.0000000       26.6232853    
   35.2000008       26.6737614    
   35.4000015       26.7249985    
   35.5999985       26.7769718    
   35.7999992       26.8296471    
   36.0000000       26.8829994    
   36.2000008       26.9369946    
   36.4000015       26.9916019    
   36.5999985       27.0467873    
   36.7999992       27.1025257    
   37.0000000       27.1587791    
   37.2000008       27.2155170    
   37.4000015       27.2727089    
   37.5999985       27.3303146    
   37.7999992       27.3883095    
   38.0000000       27.4466572    
   38.2000008       27.5053234    
   38.4000015       27.5642738    
   38.5999985       27.6234741    
   38.7999992       27.6828918    
   39.0000000       27.7424946    
   39.2000008       27.8022442    
   39.4000015       27.8621063    
   39.5999985       27.9220486    
   39.7999992       27.9820366    
   40.0000000       28.0420361    
   40.2000008       28.1020088    
   40.4000015       28.1619244    
   40.5999985       28.2217445    
   40.7999992       28.2814388    
   41.0000000       28.3409710    
   41.2000008       28.4003067    
   41.4000015       28.4594116    
   41.5999985       28.5182495    
   41.7999992       28.5767918    
   42.0000000       28.6350021    
   42.2000008       28.6928463    
   42.4000015       28.7502918    
   42.5999985       28.8073044    
   42.7999992       28.8638496    
   43.0000000       28.9199009    
   43.2000008       28.9754219    
   43.4000015       29.0303822    
   43.5999985       29.0847435    
   43.7999992       29.1384850    
   44.0000000       29.1915703    
   44.2000008       29.2439690    
   44.4000015       29.2956505    
   44.5999985       29.3465824    
   44.7999992       29.3967438    
   45.0000000       29.4461002    
   45.2000008       29.4946213    
   45.4000015       29.5422840    
   45.5999985       29.5890560    
   45.7999992       29.6349144    
   46.0000000       29.6798306    
   46.2000008       29.7237797    
   46.4000015       29.7667351    
   46.5999985       29.8086720    
   46.7999992       29.8495693    
   47.0000000       29.8894005    
   47.2000008       29.9281445    
   47.4000015       29.9657784    
   47.5999985       30.0022755    
   47.7999992       30.0376225    
   48.0000000       30.0717983    
   48.2000008       30.1047783    
   48.4000015       30.1365452    
   48.5999985       30.1670818    
   48.7999992       30.1963711    
   49.0000000       30.2243958    
   49.2000008       30.2511387    
   49.4000015       30.2765846    
   49.5999985       30.3007183    
   49.7999992       30.3235283    
   50.0000000       30.3449993    
   50.2000008       30.3651199    
   50.4000015       30.3838806    
   50.5999985       30.4012642    
   50.7999992       30.4172668    
   51.0000000       30.4318771    
   51.2000008       30.4450874    
   51.4000015       30.4568882    
   51.5999985       30.4672737    
   51.7999992       30.4762383    
   52.0000000       30.4837780    
   52.2000008       30.4898853    
   52.4000015       30.4945602    
   52.5999985       30.4977970    
   52.7999992       30.4995956    
   53.0000000       30.4999542    
   53.2000008       30.4988747    
   53.4000015       30.4963531    
   53.5999985       30.4923954    
   53.7999992       30.4870014    
   54.0000000       30.4801750    
   54.2000008       30.4719200    
   54.4000015       30.4622421    
   54.5999985       30.4511452    
   54.7999992       30.4386368    
   55.0000000       30.4247246    
   55.2000008       30.4094143    
   55.4000015       30.3927174    
   55.5999985       30.3746433    
   55.7999992       30.3551998    
   56.0000000       30.3344002    
   56.2000008       30.3122540    
   56.4000015       30.2887783    
   56.5999985       30.2639847    
   56.7999992       30.2378864    
   57.0000000       30.2104988    
   57.2000008       30.1818390    
   57.4000015       30.1519203    
   57.5999985       30.1207657    
   57.7999992       30.0883865    
   58.0000000       30.0548058    
   58.2000008       30.0200424    
   58.4000015       29.9841137    
   58.5999985       29.9470444    
   58.7999992       29.9088516    
   59.0000000       29.8695602    
   59.2000008       29.8291912    
   59.4000015       29.7877693    
   59.5999985       29.7453175    
   59.7999992       29.7018604    
   60.0000000       29.6574230    
   60.2000008       29.6120300    
   60.4000015       29.5657082    
   60.5999985       29.5184898    
   60.7999992       29.4703922    
   61.0000000       29.4214497    
   61.2000008       29.3716869    
   61.4000015       29.3211346    
   61.5999985       29.2698212    
   61.7999992       29.2177753    
   62.0000000       29.1650276    
   62.2000008       29.1116104    
   62.4000015       29.0575523    
   62.5999985       29.0028915    
   62.7999992       28.9476471    
   63.0000000       28.8918552    
   63.2000008       28.8355522    
   63.4000015       28.7787666    
   63.5999985       28.7215328    
   63.7999992       28.6638832    
   64.0000000       28.6058521    
   64.1999969       28.5474739    
   64.4000015       28.4887753    
   64.5999985       28.4298019    
   64.8000031       28.3705711    
   65.0000000       28.3111362    
   65.1999969       28.2515202    
   65.4000015       28.1917553    
   65.5999985       28.1318836    
   65.8000031       28.0719357    
   66.0000000       28.0119438    
   66.1999969       27.9519482    
   66.4000015       27.8919773    
   66.5999985       27.8320732    
   66.8000031       27.7722588    
   67.0000000       27.7125816    
   67.1999969       27.6530704    
   67.4000015       27.5937538    
   67.5999985       27.5346756    
   67.8000031       27.4758606    
   68.0000000       27.4173527    
   68.1999969       27.3591785    
   68.4000015       27.3013725    
   68.5999985       27.2439709    
   68.8000031       27.1870022    
   69.0000000       27.1305046    
   69.1999969       27.0745049    
   69.4000015       27.0190392    
   69.5999985       26.9641418    
   69.8000031       26.9098358    
   70.0000000       26.8561611    
   70.1999969       26.8031445    
   70.4000015       26.7508144    
   70.5999985       26.6992092    
   70.8000031       26.6483479    
   71.0000000       26.5982666    
   71.1999969       26.5489960    
   71.4000015       26.5005569    
   71.5999985       26.4529858    
   71.8000031       26.4063015    
   72.0000000       26.3605366    
   72.1999969       26.3157177    
   72.4000015       26.2718658    
   72.5999985       26.2290115    
   72.8000031       26.1871777    
   73.0000000       26.1463852    
   73.1999969       26.1066647    
   73.4000015       26.0680294    
   73.5999985       26.0305119    
   73.8000031       25.9941254    
   74.0000000       25.9588947    
   74.1999969       25.9248409    
   74.4000015       25.8919811    
   74.5999985       25.8603363    
   74.8000031       25.8299217    
   75.0000000       25.8007603    
   75.1999969       25.7728653    
   75.4000015       25.7462502    
   75.5999985       25.7209358    
   75.8000031       25.6969318    
   76.0000000       25.6742573    
   76.1999969       25.6529198    
   76.4000015       25.6329365    
   76.5999985       25.6143150    
   76.8000031       25.5970669    
   77.0000000       25.5812035    
   77.1999969       25.5667343    
   77.4000015       25.5536652    
   77.5999985       25.5420074    
   77.8000031       25.5317631    
   78.0000000       25.5229397    
   78.1999969       25.5155449    
   78.4000015       25.5095806    
   78.5999985       25.5050507    
   78.8000031       25.5019569    
   79.0000000       25.5003033    
   79.1999969       25.5000877    
   79.4000015       25.5013142    
   79.5999985       25.5039787    
   79.8000031       25.5080814    
   80.0000000       25.5136185    
   80.1999969       25.5205879    
   80.4000015       25.5289860    
   80.5999985       25.5388069    
   80.8000031       25.5500450    
   81.0000000       25.5626945    
   81.1999969       25.5767479    
   81.4000015       25.5921974    
   81.5999985       25.6090336    
   81.8000031       25.6272469    
   82.0000000       25.6468258    
   82.1999969       25.6677608    
   82.4000015       25.6900406    
   82.5999985       25.7136478    
   82.8000031       25.7385750    
   83.0000000       25.7648029    
   83.1999969       25.7923164    
   83.4000015       25.8211060    
   83.5999985       25.8511467    
   83.8000031       25.8824291    
   84.0000000       25.9149265    
   84.1999969       25.9486275    
   84.4000015       25.9835110    
   84.5999985       26.0195522    
   84.8000031       26.0567379    
   85.0000000       26.0950413    
   85.1999969       26.1344414    
   85.4000015       26.1749172    
   85.5999985       26.2164421    
   85.8000031       26.2589989    
   86.0000000       26.3025532    
   86.1999969       26.3470860    
   86.4000015       26.3925743    
   86.5999985       26.4389839    
   86.8000031       26.4862995    
   87.0000000       26.5344791    
   87.1999969       26.5835037    
   87.4000015       26.6333504    
   87.5999985       26.6839771    
   87.8000031       26.7353706    
   88.0000000       26.7874851    
   88.1999969       26.8402958    
   88.4000015       26.8937836    
   88.5999985       26.9479008    
   88.8000031       27.0026302    
   89.0000000       27.0579281    
   89.1999969       27.1137676    
   89.4000015       27.1701260    
   89.5999985       27.2269554    
   89.8000031       27.2842331    
   90.0000000       27.3419209    
   90.1999969       27.3999863    
   90.4000015       27.4584026    
   90.5999985       27.5171261    
   90.8000031       27.5761337    
   91.0000000       27.6353798    
   91.1999969       27.6948338    
   91.4000015       27.7544708    
   91.5999985       27.8142433    
   91.8000031       27.8741283    
   92.0000000       27.9340801    
   92.1999969       27.9940720    
   92.4000015       28.0540695    
   92.5999985       28.1140327    
   92.8000031       28.1739349    
   93.0000000       28.2337303    
   93.1999969       28.2933941    
   93.4000015       28.3528919    
   93.5999985       28.4121819    
   93.8000031       28.4712391    
   94.0000000       28.5300198    
   94.1999969       28.5884953    
   94.4000015       28.6466370    
   94.5999985       28.7044010    
   94.8000031       28.7617683    
   95.0000000       28.8186855    
   95.1999969       28.8751335    
   95.4000015       28.9310856    
   95.5999985       28.9864902    
   95.8000031       29.0413380    
   96.0000000       29.0955772    
   96.1999969       29.1491852    
   96.4000015       29.2021389    
   96.5999985       29.2543926    
   96.8000031       29.3059311    
   97.0000000       29.3567104    
   97.1999969       29.4067078    
   97.4000015       29.4559021    
   97.5999985       29.5042534    
   97.8000031       29.5517406    
   98.0000000       29.5983315    
   98.1999969       29.6440010    
   98.4000015       29.6887264    
   98.5999985       29.7324772    
   98.8000031       29.7752323    
   99.0000000       29.8169632    
   99.1999969       29.8576450    
   99.4000015       29.8972626    
   99.5999985       29.9357834    
   99.8000031       29.9731922    
   100.000000       30.0094604    
         501               2
   0.00000000       49.4962425    
  0.200000003       49.4974098    
  0.400000006       49.4983597    
  0.600000024       49.4990921    
  0.800000012       49.4996109    
   1.00000000       49.4999123    
   1.20000005       49.5000000    
   1.39999998       49.4998703    
   1.60000002       49.4995232    
   1.79999995       49.4989624    
   2.00000000       49.4981842    
   2.20000005       49.4971924    
   2.40000010       49.4959831    
   2.59999990       49.4945602    
   2.79999995       49.4929199    
   3.00000000       49.4910660    
   3.20000005       49.4889946    
   3.40000010       49.4867134    
   3.59999990       49.4842148    
   3.79999995       49.4815025    
   4.00000000       49.4785805    
   4.19999981       49.4754410    
   4.40000010       49.4720917    
   4.59999990       49.4685287    
   4.80000019       49.4647560    
   5.00000000       49.4607697    
   5.19999981       49.4565773    
   5.40000010       49.4521713    
   5.59999990       49.4475594    
   5.80000019       49.4427376    
   6.00000000       49.4377060    
   6.19999981       49.4324684    
   6.40000010       49.4270287    
   6.59999990       49.4213791    
   6.80000019       49.4155235    
   7.00000000       49.4094696    
   7.19999981       49.4032097    
   7.40000010       49.3967476    
   7.59999990       49.3900833    
   7.80000019       49.3832207    
   8.00000000       49.3761559    
   8.19999981       49.3688965    
   8.39999962       49.3614388    
   8.60000038       49.3537827    
   8.80000019       49.3459358    
   9.00000000       49.3378944    
   9.19999981       49.3296585    
   9.39999962       49.3212318    
   9.60000038       49.3126144    
   9.80000019       49.3038063    
   10.0000000       49.2948151    
   10.1999998       49.2856331    
   10.3999996       49.2762680    
   10.6000004       49.2667198    
   10.8000002       49.2569885    
   11.0000000       49.2470741    
   11.1999998       49.2369843    
   11.3999996       49.2267113    
   11.6000004       49.2162666    
   11.8000002       49.2056427    
   12.0000000       49.1948471    
   12.1999998       49.1838799    
   12.3999996       49.1727409    
   12.6000004       49.1614342    
   12.8000002       49.1499596    
   13.0000000       49.1383209    
   13.1999998       49.1265182    
   13.3999996       49.1145515    
   13.6000004       49.1024246    
   13.8000002       49.0901413    
   14.0000000       49.0776978    
   14.1999998       49.0651016    
   14.3999996       49.0523491    
   14.6000004       49.0394478    
   14.8000002       49.0263939    
   15.0000000       49.0131950    
   15.1999998       48.9998474    
   15.3999996       48.9863586    
   15.6000004       48.9727287    
   15.8000002       48.9589577    
   16.0000000       48.9450455    
   16.2000008       48.9309998    
   16.3999996       48.9168205    
   16.6000004       48.9025078    
   16.7999992       48.8880653    
   17.0000000       48.8734970    
   17.2000008       48.8587990    
   17.3999996       48.8439827    
   17.6000004       48.8290405    
   17.7999992       48.8139801    
   18.0000000       48.7988014    
   18.2000008       48.7835083    
   18.3999996       48.7681046    
   18.6000004       48.7525902    
   18.7999992       48.7369652    
   19.0000000       48.7212334    
   19.2000008       48.7053986    
   19.3999996       48.6894646    
   19.6000004       48.6734276    
   19.7999992       48.6572952    
   20.0000000       48.6410713    
   20.2000008       48.6247520    
   20.3999996       48.6083412    
   20.6000004       48.5918465    
   20.7999992       48.5752640    
   21.0000000       48.5585976    
   21.2000008       48.5418549    
   21.3999996       48.5250320    
   21.6000004       48.5081329    
   21.7999992       48.4911613    
   22.0000000       48.4741173    
   22.2000008       48.4570045    
   22.3999996       48.4398308    
   22.6000004       48.4225883    
   22.7999992       48.4052887    
   23.0000000       48.3879280    
   23.2000008       48.3705139    
   23.3999996       48.3530464    
   23.6000004       48.3355255    
   23.7999992       48.3179588    
   24.0000000       48.3003464    
   24.2000008       48.2826881    
   24.3999996       48.2649918    
   24.6000004       48.2472534    
   24.7999992       48.2294846    
   25.0000000       48.2116814    
   25.2000008       48.1938438    
   25.3999996       48.1759834    
   25.6000004       48.1580963    
   25.7999992       48.1401825    
   26.0000000       48.1222534    
   26.2000008       48.1043053    
   26.3999996       48.0863419    
   26.6000004       48.0683632    
   26.7999992       48.0503807    
   27.0000000       48.0323868    
   27.2000008       48.0143890    
   27.3999996       47.9963875    
   27.6000004       47.9783897    
   27.7999992       47.9603958    
   28.0000000       47.9424019    
   28.2000008       47.9244194    
   28.3999996       47.9064484    
   28.6000004       47.8884926    
   28.7999992       47.8705521    
   29.0000000       47.8526268    
   29.2000008       47.8347244    
   29.3999996       47.8168488    
   29.6000004       47.7989960    
   29.7999992       47.7811737    
   30.0000000       47.7633820    
   30.2000008       47.7456245    
   30.3999996       47.7279053    
   30.6000004       47.7102242    
   30.7999992       47.6925812    
   31.0000000       47.6749878    
   31.2000008       47.6574402    
   31.3999996       47.6399384    
   31.6000004       47.6224937    
   31.7999992       47.6050987    
   32.0000000       47.5877647    
   32.2000008       47.5704842    
   32.4000015       47.5532722    
   32.5999985       47.5361214    
   32.7999992       47.5190353    
   33.0000000       47.5020218    
   33.2000008       47.4850807    
   33.4000015       47.4682121    
   33.5999985       47.4514198    
   33.7999992       47.4347038    
   34.0000000       47.4180756    
   34.2000008       47.4015274    
   34.4000015       47.3850632    
   34.5999985       47.3686905    
   34.7999992       47.3524094    
   35.0000000       47.3362198    
   35.2000008       47.3201256    
   35.4000015       47.3041306    
   35.5999985       47.2882347    
   35.7999992       47.2724419    
   36.0000000       47.2567520    
   36.2000008       47.2411728    
   36.4000015       47.2257004    
   36.5999985       47.2103424    
   36.7999992       47.1950951    
   37.0000000       47.1799622    
   37.2000008       47.1649513    
   37.4000015       47.1500587    
   37.5999985       47.1352882    
   37.7999992       47.1206436    
   38.0000000       47.1061249    
   38.2000008       47.0917358    
   38.4000015       47.0774727    
   38.5999985       47.0633469    
   38.7999992       47.0493584    
   39.0000000       47.0355034    
   39.2000008       47.0217857    
   39.4000015       47.0082092    
   39.5999985       46.9947777    
   39.7999992       46.9814911    
   40.0000000       46.9683495    
   40.2000008       46.9553566    
   40.4000015       46.9425163    
   40.5999985       46.9298286    
   40.7999992       46.9172935    
   41.0000000       46.9049110    
   41.2000008       46.8926888    
   41.4000015       46.8806267    
   41.5999985       46.8687286    
   41.7999992       46.8569908    
   42.0000000       46.8454170    
   42.2000008       46.8340073    
   42.4000015       46.8227692    
   42.5999985       46.8116989    
   42.7999992       46.8008003    
   43.0000000       46.7900734    
   43.2000008       46.7795219    
   43.4000015       46.7691460    
   43.5999985       46.7589455    
   43.7999992       46.7489243    
   44.0000000       46.7390862    
   44.2000008       46.7294273    
   44.4000015       46.7199516    
   44.5999985       46.7106590    
   44.7999992       46.7015533    
   45.0000000       46.6926346    
   45.2000008       46.6839066    
   45.4000015       46.6753654    
   45.5999985       46.6670151    
   45.7999992       46.6588554    
   46.0000000       46.6508904    
   46.2000008       46.6431198    
   46.4000015       46.6355438    
   46.5999985       46.6281662    
   46.7999992       46.6209869    
   47.0000000       46.6140022    
   47.2000008       46.6072197    
   47.4000015       46.6006355    
   47.5999985       46.5942574    
   47.7999992       46.5880775    
   48.0000000       46.5820999    
   48.2000008       46.5763321    
   48.4000015       46.5707626    
   48.5999985       46.5654030    
   48.7999992       46.5602493    
   49.0000000       46.5553055    
   49.2000008       46.5505638    
   49.4000015       46.5460358    
   49.5999985       46.5417137    
   49.7999992       46.5376053    
   50.0000000       46.5337067    
   50.2000008       46.5300179    
   50.4000015       46.5265388    
   50.5999985       46.5232735    
   50.7999992       46.5202217    
   51.0000000       46.5173836    
   51.2000008       46.5147591    
   51.4000015       46.5123444    
   51.5999985       46.5101471    
   51.7999992       46.5081673    
   52.0000000       46.5063972    
   52.2000008       46.5048447    
   52.4000015       46.5035057    
   52.5999985       46.5023842    
   52.7999992       46.5014763    
   53.0000000       46.5007858    
   53.2000008       46.5003128    
   53.4000015       46.5000534    
   53.5999985       46.5000114    
   53.7999992       46.5001831    
   54.0000000       46.5005722    
   54.2000008       46.5011749    
   54.4000015       46.5019989    
   54.5999985       46.5030327    
   54.7999992       46.5042839    
   55.0000000       46.5057526    
   55.2000008       46.5074348    
   55.4000015       46.5093346    
   55.5999985       46.5114441    
   55.7999992       46.5137711    
   56.0000000       46.5163116    
   56.2000008       46.5190659    
   56.4000015       46.5220337    
   56.5999985       46.5252151    
   56.7999992       46.5286064    
   57.0000000       46.5322113    
   57.2000008       46.5360260    
   57.4000015       46.5400543    
   57.5999985       46.5442886    
   57.7999992       46.5487366    
   58.0000000       46.5533905    
   58.2000008       46.5582542    
   58.4000015       46.5633278    
   58.5999985       46.5686035    
   58.7999992       46.5740891    
   59.0000000       46.5797806    
   59.2000008       46.5856743    
   59.4000015       46.5917702    
   59.5999985       46.5980721    
   59.7999992       46.6045761    
   60.0000000       46.6112785    
   60.2000008       46.6181831    
   60.4000015       46.6252823    
   60.5999985       46.6325836    
   60.7999992       46.6400795    
   61.0000000       46.6477737    
   61.2000008       46.6556625    
   61.4000015       46.6637421    
   61.5999985       46.6720161    
   61.7999992       46.6804810    
   62.0000000       46.6891365    
   62.2000008       46.6979828    
   62.4000015       46.7070122    
   62.5999985       46.7162285    
   62.7999992       46.7256317    
   63.0000000       46.7352180    
   63.2000008       46.7449875    
   63.4000015       46.7549362    
   63.5999985       46.7650642    
   63.7999992       46.7753677    
   64.0000000       46.7858505    
   64.1999969       46.7965088    
   64.4000015       46.8073387    
   64.5999985       46.8183403    
   64.8000031       46.8295135    
   65.0000000       46.8408546    
   65.1999969       46.8523598    
   65.4000015       46.8640327    
   65.5999985       46.8758698    
   65.8000031       46.8878670    
   66.0000000       46.9000282    
   66.1999969       46.9123459    
   66.4000015       46.9248161    
   66.5999985       46.9374466    
   66.8000031       46.9502258    
   67.0000000       46.9631615    
   67.1999969       46.9762421    
   67.4000015       46.9894714    
   67.5999985       47.0028458    
   67.8000031       47.0163651    
   68.0000000       47.0300255    
   68.1999969       47.0438232    
   68.4000015       47.0577621    
   68.5999985       47.0718346    
   68.8000031       47.0860405    
   69.0000000       47.1003799    
   69.1999969       47.1148453    
   69.4000015       47.1294403    
   69.5999985       47.1441612    
   69.8000031       47.1590080    
   70.0000000       47.1739731    
   70.1999969       47.1890564    
   70.4000015       47.2042580    
   70.5999985       47.2195702    
   70.8000031       47.2350006    
   71.0000000       47.2505379    
   71.1999969       47.2661819    
   71.4000015       47.2819366    
   71.5999985       47.2977867    
   71.8000031       47.3137436    
   72.0000000       47.3297997    
   72.1999969       47.3459511    
   72.4000015       47.3621979    
   72.5999985       47.3785324    
   72.8000031       47.3949623    
   73.0000000       47.4114761    
   73.1999969       47.4280739    
   73.4000015       47.4447556    
   73.5999985       47.4615135    
   73.8000031       47.4783554    
   74.0000000       47.4952660    
   74.1999969       47.5122528    
   74.4000015       47.5293121    
   74.5999985       47.5464325    
   74.8000031       47.5636253    
   75.0000000       47.5808754    
   75.1999969       47.5981903    
   75.4000015       47.6155586    
   75.5999985       47.6329842    
   75.8000031       47.6504669    
   76.0000000       47.6679955    
   76.1999969       47.6855698    
   76.4000015       47.7031937    
   76.5999985       47.7208595    
   76.8000031       47.7385635    
   77.0000000       47.7563057    
   77.1999969       47.7740860    
   77.4000015       47.7918968    
   77.5999985       47.8097343    
   77.8000031       47.8276024    
   78.0000000       47.8454971    
   78.1999969       47.8634109    
   78.4000015       47.8813477    
   78.5999985       47.8992958    
   78.8000031       47.9172630    
   79.0000000       47.9352417    
   79.1999969       47.9532280    
   79.4000015       47.9712257    
   79.5999985       47.9892197    
   79.8000031       48.0072212    
   80.0000000       48.0252228    
   80.1999969       48.0432167    
   80.4000015       48.0612068    
   80.5999985       48.0791855    
   80.8000031       48.0971527    
   81.0000000       48.1151085    
   81.1999969       48.1330452    
   81.4000015       48.1509666    
   81.5999985       48.1688614    
   81.8000031       48.1867371    
   82.0000000       48.2045822    
   82.1999969       48.2223969    
   82.4000015       48.2401848    
   82.5999985       48.2579346    
   82.8000031       48.2756462    
   83.0000000       48.2933197    
   83.1999969       48.3109512    
   83.4000015       48.3285370    
   83.5999985       48.3460770    
   83.8000031       48.3635635    
   84.0000000       48.3810005    
   84.1999969       48.3983841    
   84.4000015       48.4157066    
   84.5999985       48.4329720    
   84.8000031       48.4501762    
   85.0000000       48.4673119    
   85.1999969       48.4843826    
   85.4000015       48.5013809    
   85.5999985       48.5183105    
   85.8000031       48.5351639    
   86.0000000       48.5519409    
   86.1999969       48.5686378    
   86.4000015       48.5852547    
   86.5999985       48.6017838    
   86.8000031       48.6182289    
   87.0000000       48.6345825    
   87.1999969       48.6508446    
   87.4000015       48.6670189    
   87.5999985       48.6830902    
   87.8000031       48.6990662    
   88.0000000       48.7149429    
   88.1999969       48.7307129    
   88.4000015       48.7463799    
   88.5999985       48.7619400    
   88.8000031       48.7773895    
   89.0000000       48.7927284    
   89.1999969       48.8079491    
   89.4000015       48.8230591    
   89.5999985       48.8380470    
   89.8000031       48.8529167    
   90.0000000       48.8676605    
   90.1999969       48.8822784    
   90.4000015       48.8967743    
   90.5999985       48.9111366    
   90.8000031       48.9253693    
   91.0000000       48.9394684    
   91.1999969       48.9534340    
   91.4000015       48.9672623    
   91.5999985       48.9809494    
   91.8000031       48.9944954    
   92.0000000       49.0078964    
   92.1999969       49.0211563    
   92.4000015       49.0342674    
   92.5999985       49.0472298    
   92.8000031       49.0600433    
   93.0000000       49.0727005    
   93.1999969       49.0852051    
   93.4000015       49.0975533    
   93.5999985       49.1097412    
   93.8000031       49.1217728    
   94.0000000       49.1336403    
   94.1999969       49.1453476    
   94.4000015       49.1568871    
   94.5999985       49.1682587    
   94.8000031       49.1794662    
   95.0000000       49.1905022    
   95.1999969       49.2013664    
   95.4000015       49.2120590    
   95.5999985       49.2225723    
   95.8000031       49.2329140    
   96.0000000       49.2430801    
   96.1999969       49.2530632    
   96.4000015       49.2628670    
   96.5999985       49.2724876    
   96.8000031       49.2819290    
   97.0000000       49.2911797    
   97.1999969       49.3002472    
   97.4000015       49.3091316    
   97.5999985       49.3178215    
   97.8000031       49.3263245    
   98.0000000       49.3346367    
   98.1999969       49.3427582    
   98.4000015       49.3506813    
   98.5999985       49.3584137    
   98.8000031       49.3659515    
   99.0000000       49.3732910    
   99.1999969       49.3804321    
   99.4000015       49.3873749    
   99.5999985       49.3941154    
   99.8000031       49.4006577    
   100.000000       49.4070015    
