  0.0000   2.4869   4.9055   7.2744   9.4526  11.6481  13.6917  15.5638  17.4367  19.6378
 21.9666
  1.2487   1.2459   3.6913   6.0830   8.4953  10.7836  12.8361  14.7244  16.6198  18.8255
 21.1563
  2.4869   0.0000   2.4571   4.8614   7.2856   9.6970  11.9115  13.8424  15.7590  17.9725
 20.3053
  3.7064   1.2371   1.2222   3.6317   6.0624   8.4890  10.7557  12.8330  14.8677  17.1062
 19.4521
  4.9055   2.4571   0.0000   2.4108   4.8449   7.2824   9.5758  11.6921  13.7657  16.0144
 18.3650
  6.0911   3.6616   1.2078   1.2031   3.6391   6.0865   8.4068  10.5639  12.6784  14.9383
 17.2943
  7.2744   4.8614   2.4108   0.0000   2.4377   4.8955   7.2464   9.4501  11.6106  13.8841
 16.2449
  8.3493   6.0681   3.6218   1.2114   1.2269   3.6974   6.0845   8.3424  10.5533  12.8440
 15.2099
  9.4538   7.2856   4.8449   2.4377   0.0000   2.4817   4.9081   7.2244   9.4884  11.8004
 14.1712
 10.5590   8.5028   6.0719   3.6714   1.2404   1.2472   3.7100   6.0828   8.3980  10.7373
 13.1105
 11.6481   9.6970   7.2824   4.8955   2.4817   0.0000   2.4880   4.9083   7.2658   9.6379
 12.0155
 12.6958  10.8446   8.4547   6.0912   3.7082   1.2489   1.2478   3.7003   6.0883   8.4843
 10.8822
 13.6917  11.9115   9.5758   7.2464   4.9081   2.4880   0.0000   2.4685   4.8749   7.2855
  9.7056
 14.6405  12.8971  10.6501   8.3626   6.0788   3.7090   1.2422   1.2297   3.6445   6.0630
  8.4980
 15.5638  13.8424  11.6921   9.4501   7.2244   4.9083   2.4685   0.0000   2.4173   4.8398
  7.2848
 16.4877  14.7893  12.7241  10.5275   8.3565   6.0904   3.6770   1.2139   1.2037   3.6276
  6.0803
 17.4367  15.7590  13.7657  11.6106   9.4884   7.2658   4.8749   2.4173   0.0000   2.4250
  4.8844
 18.5051  16.8349  14.8612  12.7225  10.6318   8.4466   6.0746   3.6229   1.2060   1.2193
  3.6867
 19.6378  17.9725  16.0144  13.8841  11.8004   9.6379   7.2855   4.8398   2.4250   0.0000
  2.4751
 20.8003  19.1377  17.1902  15.0664  12.9883  10.8321   8.5020   6.0658   3.6555   1.2348
  1.2448
 21.9666  20.3053  18.3650  16.2449  14.1712  12.0155   9.7056   7.2848   4.8844   2.4751
  0.0000
  11.8963280,11.0448523,10.6532183,11.3507938,12.3907070,13.7758198,15.1404734,16.4822350,18.0423450,20.1848640,
22.0566711,
11.4180374,10.4242640,9.99367619,10.6792336,11.7116232,13.0928040,14.4484968,15.7818928,17.3365116,19.4770317,
21.3162251,
11.0448523,10.0144196,9.50960541,10.1177177,11.1018991,12.4525728,13.7827091,15.0970840,16.6436672,18.7827530,
20.5603504,
10.7894936,9.70176888,9.10105896,9.62296391,10.5604811,11.8758411,13.1809111,14.4845362,16.0200233,18.1544018,
19.8179131,
10.6532192,9.50960445,8.84873867,9.31471825,10.2209377,11.5035858,12.7814426,14.0535870,15.5700674,17.6970100,
19.0770130,
10.8359661,9.68585110,8.99934769,9.37299347,10.1183491,11.2627478,12.4292002,13.6104097,15.0651674,17.1567459,
18.1988869,
11.3507938,10.1177168,9.31471920,9.39122295,10.0003843,11.0479403,12.1276150,13.2246466,14.5915251,16.4524136,
17.3819904,
11.8010807,10.5316105,9.68647766,9.60647106,10.0971298,11.0337648,12.0028772,12.9698687,13.9723225,15.7760382,
16.6290226,
12.3907061,11.1018982,10.2209368,10.0003843,10.3698578,11.1823063,12.0099163,12.5420055,13.4157915,15.0781603,
15.9311457,
13.0676012,11.7651730,10.8440304,10.5023088,10.7538328,11.4278011,12.0544071,12.0793076,12.8988047,14.4140940,
15.2660627,
13.7758188,12.4525719,11.5035849,11.0479403,11.1823053,11.6961536,11.8514795,11.6155224,12.3964815,13.7572355,
14.6070662,
14.4704676,13.1289253,12.1527042,11.5944748,11.6073742,11.9083281,11.5371008,11.1374521,11.8949900,13.0958862,
13.9448080,
15.1404724,13.7827091,12.7814426,12.1276150,12.0099163,11.8514805,11.1956224,10.6564131,11.4098644,12.4760332,
13.3242846,
15.8011398,14.4288044,13.4056978,12.6621380,12.3868475,11.7046547,10.8787537,10.2314148,10.9675436,11.9453983,
12.7906475,
16.4822350,15.0970840,14.0535870,13.2246466,12.5420074,11.6155224,10.6564131,9.96018124,10.6910276,11.6231842,
12.4652433,
17.2113552,15.8173809,14.7544060,13.8412094,12.7846842,11.7920256,10.8157654,10.1195335,10.8501387,11.2428970,
12.0391264,
18.0423450,16.6436691,15.5700665,14.5915241,13.4157906,12.3964796,11.4098644,10.6910267,10.9558258,10.8693666,
11.5862217,
19.0719471,17.6732693,16.5992908,15.4716282,14.2617998,13.2149639,11.9675455,11.1577883,11.0073519,10.3324938,
11.0207443,
20.1848660,18.7827511,17.6970100,16.4524136,15.0781593,13.7572355,12.4760342,11.6231833,10.8693676,10.1942673,
10.8825188,
21.3131714,19.9101467,18.5551567,16.8604069,15.4095612,14.0871296,12.8051968,11.9487047,11.1478233,10.4684563,
11.1184158,
22.0567741,20.5603466,19.0770168,17.3819923,15.9311457,14.6070662,13.3242855,12.4652414,11.5862207,10.8825178,
11.4239902,
17.1935577,16.7236309,16.6397171,17.2629700,17.8680019,18.6225147,19.2348633,19.7950554,20.8664036,22.4152622,
23.2102470,
17.0448895,16.3553715,16.1094055,16.6569862,17.2359428,17.9692802,18.5687504,19.1238613,20.1945438,21.7357121,
22.5306950,
16.7236328,16.0223465,15.7503786,16.2550945,16.7879295,17.4770947,18.0330772,18.5503559,19.6044865,21.1211605,
21.9159718,
16.6529999,15.8612366,15.4952660,15.9113874,16.3699512,17.0088844,17.5342636,18.0259628,19.0694065,20.5413761,
21.3355999,
16.6397171,15.7503786,15.3037062,15.6620522,16.0907993,16.7045059,17.2147026,17.6841202,18.7135944,20.1432781,
20.9361362,
16.8488541,15.9300051,15.4724274,15.7889185,16.1490574,16.6409168,17.0286674,17.3975029,18.3769989,19.6490955,
20.4387589,
17.2629681,16.2550964,15.6620493,15.7805748,15.9984751,16.4155712,16.7330513,17.0413685,17.9916649,19.1635723,
19.9491329,
17.5235291,16.4778175,15.8293571,15.8408155,15.9751968,16.3126926,16.5589523,16.7997189,17.7216072,18.7790318,
19.5615501,
17.8680058,16.7879314,16.0908012,15.9984741,16.0509434,16.3081932,16.4816856,16.6501923,17.5427742,18.4731350,
19.2511845,
18.2510567,17.1371841,16.3993301,16.2063770,16.1780357,16.3561172,16.4518929,16.5489788,17.4118900,18.2034588,
18.9786606,
18.6225147,17.4770947,16.7045078,16.4155693,16.3081932,16.4083881,16.4260445,16.4499760,17.2855663,17.9305553,
18.6964016,
18.9515419,17.7759552,16.9766388,16.5921230,16.4111652,16.4332676,16.3726196,16.3196316,17.1295338,17.6195488,
18.3731480,
19.2348614,18.0330753,17.2130375,16.7330513,16.4816875,16.4260445,16.2897758,16.1580257,16.9457226,17.2693634,
18.0054855,
19.5018234,18.2761402,17.4335804,16.8682556,16.5434532,16.4183636,16.2023849,15.9911060,16.7612572,16.9091759,
17.6197052,
19.7950573,18.5503521,17.6841183,17.0413685,16.6501923,16.4499760,16.1580296,15.8670168,16.6251316,16.6411781,
17.3455696,
20.1708279,18.9156265,18.0340900,17.3393917,16.9093704,16.6699162,16.3404503,16.0292492,16.7868328,16.8005295,
17.5046806,
20.8664055,19.6044903,18.7135944,17.9916630,17.5427742,17.2904110,16.9457226,16.6251297,17.3824577,17.0520935,
17.5395184,
21.7530785,20.4893627,19.5955029,18.8588276,18.3909817,18.0404053,17.4011707,16.7788296,17.1903210,16.5353756,
16.9698277,
22.4152660,21.1211605,20.1432781,19.1635742,18.4731369,17.9305553,17.2693634,16.6411819,17.0520954,16.3971500,
16.8287907,
22.7174721,21.4233646,20.4454842,19.4624519,18.7680473,18.2196999,17.5518761,16.9205685,17.3098469,16.6026764,
16.9458580,
23.2102489,21.9159718,20.9361362,19.9491348,19.2511806,18.6964016,18.0054836,17.3455696,17.5395184,16.8287926,
17.0706005,
