     0.0000     0.0000     0.6000
     5.0000     0.0000     0.6000
    10.0000     0.0000     0.6000
    15.0000     0.0000     0.6000
    20.0000     0.0000     0.6000
    25.0000     0.0000     0.6000
    30.0000     0.0000     0.6000
    35.0000     0.0000     0.6000
    40.0000     0.0000     0.6000
    45.0000     0.0000     0.6000
    50.0000     0.0000     0.6000
    55.0000     0.0000     0.6000
    60.0000     0.0000     0.6000
    65.0000     0.0000     0.6000
    70.0000     0.0000     0.6000
    75.0000     0.0000     0.6000
    80.0000     0.0000     0.6000
    85.0000     0.0000     0.6000
    90.0000     0.0000     0.6000
    95.0000     0.0000     0.6000
   100.0000     0.0000     0.6000
     0.0000     5.0000     0.6000
     5.0000     5.0000     0.6000
    10.0000     5.0000     0.6000
    15.0000     5.0000     0.6000
    20.0000     5.0000     0.6000
    25.0000     5.0000     0.6000
    30.0000     5.0000     0.6000
    35.0000     5.0000     0.6000
    40.0000     5.0000     0.6000
    45.0000     5.0000     0.6000
    50.0000     5.0000     0.6000
    55.0000     5.0000     0.6000
    60.0000     5.0000     0.6000
    65.0000     5.0000     0.6000
    70.0000     5.0000     0.6000
    75.0000     5.0000     0.6000
    80.0000     5.0000     0.6000
    85.0000     5.0000     0.6000
    90.0000     5.0000     0.6000
    95.0000     5.0000     0.6000
   100.0000     5.0000     0.6000
     0.0000    10.0000     0.6000
     5.0000    10.0000     0.6000
    10.0000    10.0000     0.6000
    15.0000    10.0000     0.6000
    20.0000    10.0000     0.6000
    25.0000    10.0000     0.6000
    30.0000    10.0000     0.6000
    35.0000    10.0000     0.6000
    40.0000    10.0000     0.6000
    45.0000    10.0000     0.6000
    50.0000    10.0000     0.6000
    55.0000    10.0000     0.6000
    60.0000    10.0000     0.6000
    65.0000    10.0000     0.6000
    70.0000    10.0000     0.6000
    75.0000    10.0000     0.6000
    80.0000    10.0000     0.6000
    85.0000    10.0000     0.6000
    90.0000    10.0000     0.6000
    95.0000    10.0000     0.6000
   100.0000    10.0000     0.6000
     0.0000    15.0000     0.6000
     5.0000    15.0000     0.6000
    10.0000    15.0000     0.6000
    15.0000    15.0000     0.6000
    20.0000    15.0000     0.6000
    25.0000    15.0000     0.6000
    30.0000    15.0000     0.6000
    35.0000    15.0000     0.6000
    40.0000    15.0000     0.6000
    45.0000    15.0000     0.6000
    50.0000    15.0000     0.6000
    55.0000    15.0000     0.6000
    60.0000    15.0000     0.6000
    65.0000    15.0000     0.6000
    70.0000    15.0000     0.6000
    75.0000    15.0000     0.6000
    80.0000    15.0000     0.6000
    85.0000    15.0000     0.6000
    90.0000    15.0000     0.6000
    95.0000    15.0000     0.6000
   100.0000    15.0000     0.6000
     0.0000    20.0000     0.6000
     5.0000    20.0000     0.6000
    10.0000    20.0000     0.6000
    15.0000    20.0000     0.6000
    20.0000    20.0000     0.6000
    25.0000    20.0000     0.6000
    30.0000    20.0000     0.6000
    35.0000    20.0000     0.6000
    40.0000    20.0000     0.6000
    45.0000    20.0000     0.6000
    50.0000    20.0000     0.6000
    55.0000    20.0000     0.6000
    60.0000    20.0000     0.6000
    65.0000    20.0000     0.6000
    70.0000    20.0000     0.6000
    75.0000    20.0000     0.6000
    80.0000    20.0000     0.6000
    85.0000    20.0000     0.6000
    90.0000    20.0000     0.6000
    95.0000    20.0000     0.6000
   100.0000    20.0000     0.6000
     0.0000    25.0000     0.6000
     5.0000    25.0000     0.6000
    10.0000    25.0000     0.6000
    15.0000    25.0000     0.6000
    20.0000    25.0000     0.6000
    25.0000    25.0000     0.6000
    30.0000    25.0000     0.6000
    35.0000    25.0000     0.6000
    40.0000    25.0000     0.6000
    45.0000    25.0000     0.6000
    50.0000    25.0000     0.6000
    55.0000    25.0000     0.6000
    60.0000    25.0000     0.6000
    65.0000    25.0000     0.6000
    70.0000    25.0000     0.6000
    75.0000    25.0000     0.6000
    80.0000    25.0000     0.6000
    85.0000    25.0000     0.6000
    90.0000    25.0000     0.6000
    95.0000    25.0000     0.6000
   100.0000    25.0000     0.6000
     0.0000    30.0000     0.6000
     5.0000    30.0000     0.6000
    10.0000    30.0000     0.6000
    15.0000    30.0000     0.6000
    20.0000    30.0000     0.6000
    25.0000    30.0000     0.6000
    30.0000    30.0000     0.6000
    35.0000    30.0000     0.6000
    40.0000    30.0000     0.6000
    45.0000    30.0000     0.6000
    50.0000    30.0000     0.6000
    55.0000    30.0000     0.6000
    60.0000    30.0000     0.6000
    65.0000    30.0000     0.6000
    70.0000    30.0000     0.6000
    75.0000    30.0000     0.6000
    80.0000    30.0000     0.6000
    85.0000    30.0000     0.6000
    90.0000    30.0000     0.6000
    95.0000    30.0000     0.6000
   100.0000    30.0000     0.6000
     0.0000    35.0000     0.6000
     5.0000    35.0000     0.6000
    10.0000    35.0000     0.6000
    15.0000    35.0000     0.6000
    20.0000    35.0000     0.6000
    25.0000    35.0000     0.6000
    30.0000    35.0000     0.6000
    35.0000    35.0000     0.6000
    40.0000    35.0000     0.6000
    45.0000    35.0000     0.6000
    50.0000    35.0000     0.6000
    55.0000    35.0000     0.6000
    60.0000    35.0000     0.6000
    65.0000    35.0000     0.6000
    70.0000    35.0000     0.6000
    75.0000    35.0000     0.6000
    80.0000    35.0000     0.6000
    85.0000    35.0000     0.6000
    90.0000    35.0000     0.6000
    95.0000    35.0000     0.6000
   100.0000    35.0000     0.6000
     0.0000    40.0000     0.6000
     5.0000    40.0000     0.6000
    10.0000    40.0000     0.6000
    15.0000    40.0000     0.6000
    20.0000    40.0000     0.6000
    25.0000    40.0000     0.6000
    30.0000    40.0000     0.6000
    35.0000    40.0000     0.6000
    40.0000    40.0000     0.6000
    45.0000    40.0000     0.6000
    50.0000    40.0000     0.6000
    55.0000    40.0000     0.6000
    60.0000    40.0000     0.6000
    65.0000    40.0000     0.6000
    70.0000    40.0000     0.6000
    75.0000    40.0000     0.6000
    80.0000    40.0000     0.6000
    85.0000    40.0000     0.6000
    90.0000    40.0000     0.6000
    95.0000    40.0000     0.6000
   100.0000    40.0000     0.6000
     0.0000    45.0000     0.6000
     5.0000    45.0000     0.6000
    10.0000    45.0000     0.6000
    15.0000    45.0000     0.6000
    20.0000    45.0000     0.6000
    25.0000    45.0000     0.6000
    30.0000    45.0000     0.6000
    35.0000    45.0000     0.6000
    40.0000    45.0000     0.6000
    45.0000    45.0000     0.6000
    50.0000    45.0000     0.6000
    55.0000    45.0000     0.6000
    60.0000    45.0000     0.6000
    65.0000    45.0000     0.6000
    70.0000    45.0000     0.6000
    75.0000    45.0000     0.6000
    80.0000    45.0000     0.6000
    85.0000    45.0000     0.6000
    90.0000    45.0000     0.6000
    95.0000    45.0000     0.6000
   100.0000    45.0000     0.6000
     0.0000    50.0000     0.6000
     5.0000    50.0000     0.6000
    10.0000    50.0000     0.6000
    15.0000    50.0000     0.6000
    20.0000    50.0000     0.6000
    25.0000    50.0000     0.6000
    30.0000    50.0000     0.6000
    35.0000    50.0000     0.6000
    40.0000    50.0000     0.6000
    45.0000    50.0000     0.6000
    50.0000    50.0000     0.6000
    55.0000    50.0000     0.6000
    60.0000    50.0000     0.6000
    65.0000    50.0000     0.6000
    70.0000    50.0000     0.6000
    75.0000    50.0000     0.6000
    80.0000    50.0000     0.6000
    85.0000    50.0000     0.6000
    90.0000    50.0000     0.6000
    95.0000    50.0000     0.6000
   100.0000    50.0000     0.6000
