     0.0000     0.0000     4.0000
     0.0000     5.0000     4.4000
     0.0000    10.0000     4.8000
     0.0000    15.0000     5.2000
     0.0000    20.0000     5.6000
     0.0000    25.0000     6.0000
     0.0000    30.0000     6.4000
     0.0000    35.0000     6.8000
     0.0000    40.0000     7.2000
     0.0000    45.0000     7.6000
     0.0000    50.0000     8.0000
     5.0000     0.0000     4.0000
     5.0000     5.0000     4.4000
     5.0000    10.0000     4.8000
     5.0000    15.0000     5.2000
     5.0000    20.0000     5.6000
     5.0000    25.0000     6.0000
     5.0000    30.0000     6.4000
     5.0000    35.0000     6.8000
     5.0000    40.0000     7.2000
     5.0000    45.0000     7.6000
     5.0000    50.0000     8.0000
    10.0000     0.0000     4.0000
    10.0000     5.0000     4.4000
    10.0000    10.0000     4.8000
    10.0000    15.0000     5.2000
    10.0000    20.0000     5.6000
    10.0000    25.0000     6.0000
    10.0000    30.0000     6.4000
    10.0000    35.0000     6.8000
    10.0000    40.0000     7.2000
    10.0000    45.0000     7.6000
    10.0000    50.0000     8.0000
    15.0000     0.0000     4.0000
    15.0000     5.0000     4.4000
    15.0000    10.0000     4.8000
    15.0000    15.0000     5.2000
    15.0000    20.0000     5.6000
    15.0000    25.0000     6.0000
    15.0000    30.0000     6.4000
    15.0000    35.0000     6.8000
    15.0000    40.0000     7.2000
    15.0000    45.0000     7.6000
    15.0000    50.0000     8.0000
    20.0000     0.0000     4.0000
    20.0000     5.0000     4.4000
    20.0000    10.0000     4.8000
    20.0000    15.0000     5.2000
    20.0000    20.0000     5.6000
    20.0000    25.0000     6.0000
    20.0000    30.0000     6.4000
    20.0000    35.0000     6.8000
    20.0000    40.0000     7.2000
    20.0000    45.0000     7.6000
    20.0000    50.0000     8.0000
    25.0000     0.0000     4.0000
    25.0000     5.0000     4.4000
    25.0000    10.0000     4.8000
    25.0000    15.0000     5.2000
    25.0000    20.0000     5.6000
    25.0000    25.0000     6.0000
    25.0000    30.0000     6.4000
    25.0000    35.0000     6.8000
    25.0000    40.0000     7.2000
    25.0000    45.0000     7.6000
    25.0000    50.0000     8.0000
    30.0000     0.0000     4.0000
    30.0000     5.0000     4.4000
    30.0000    10.0000     4.8000
    30.0000    15.0000     5.2000
    30.0000    20.0000     5.6000
    30.0000    25.0000     6.0000
    30.0000    30.0000     6.4000
    30.0000    35.0000     6.8000
    30.0000    40.0000     7.2000
    30.0000    45.0000     7.6000
    30.0000    50.0000     8.0000
    35.0000     0.0000     4.0000
    35.0000     5.0000     4.4000
    35.0000    10.0000     4.8000
    35.0000    15.0000     5.2000
    35.0000    20.0000     5.6000
    35.0000    25.0000     6.0000
    35.0000    30.0000     6.4000
    35.0000    35.0000     6.8000
    35.0000    40.0000     7.2000
    35.0000    45.0000     7.6000
    35.0000    50.0000     8.0000
    40.0000     0.0000     4.0000
    40.0000     5.0000     4.4000
    40.0000    10.0000     4.8000
    40.0000    15.0000     5.2000
    40.0000    20.0000     5.6000
    40.0000    25.0000     6.0000
    40.0000    30.0000     6.4000
    40.0000    35.0000     6.8000
    40.0000    40.0000     7.2000
    40.0000    45.0000     7.6000
    40.0000    50.0000     8.0000
    45.0000     0.0000     4.0000
    45.0000     5.0000     4.4000
    45.0000    10.0000     4.8000
    45.0000    15.0000     5.2000
    45.0000    20.0000     5.6000
    45.0000    25.0000     6.0000
    45.0000    30.0000     6.4000
    45.0000    35.0000     6.8000
    45.0000    40.0000     7.2000
    45.0000    45.0000     7.6000
    45.0000    50.0000     8.0000
    50.0000     0.0000     4.0000
    50.0000     5.0000     4.4000
    50.0000    10.0000     4.8000
    50.0000    15.0000     5.2000
    50.0000    20.0000     5.6000
    50.0000    25.0000     6.0000
    50.0000    30.0000     6.4000
    50.0000    35.0000     6.8000
    50.0000    40.0000     7.2000
    50.0000    45.0000     7.6000
    50.0000    50.0000     8.0000
    55.0000     0.0000     4.0000
    55.0000     5.0000     4.4000
    55.0000    10.0000     4.8000
    55.0000    15.0000     5.2000
    55.0000    20.0000     5.6000
    55.0000    25.0000     6.0000
    55.0000    30.0000     6.4000
    55.0000    35.0000     6.8000
    55.0000    40.0000     7.2000
    55.0000    45.0000     7.6000
    55.0000    50.0000     8.0000
    60.0000     0.0000     4.0000
    60.0000     5.0000     4.4000
    60.0000    10.0000     4.8000
    60.0000    15.0000     5.2000
    60.0000    20.0000     5.6000
    60.0000    25.0000     6.0000
    60.0000    30.0000     6.4000
    60.0000    35.0000     6.8000
    60.0000    40.0000     7.2000
    60.0000    45.0000     7.6000
    60.0000    50.0000     8.0000
    65.0000     0.0000     4.0000
    65.0000     5.0000     4.4000
    65.0000    10.0000     4.8000
    65.0000    15.0000     5.2000
    65.0000    20.0000     5.6000
    65.0000    25.0000     6.0000
    65.0000    30.0000     6.4000
    65.0000    35.0000     6.8000
    65.0000    40.0000     7.2000
    65.0000    45.0000     7.6000
    65.0000    50.0000     8.0000
    70.0000     0.0000     4.0000
    70.0000     5.0000     4.4000
    70.0000    10.0000     4.8000
    70.0000    15.0000     5.2000
    70.0000    20.0000     5.6000
    70.0000    25.0000     6.0000
    70.0000    30.0000     6.4000
    70.0000    35.0000     6.8000
    70.0000    40.0000     7.2000
    70.0000    45.0000     7.6000
    70.0000    50.0000     8.0000
    75.0000     0.0000     4.0000
    75.0000     5.0000     4.4000
    75.0000    10.0000     4.8000
    75.0000    15.0000     5.2000
    75.0000    20.0000     5.6000
    75.0000    25.0000     6.0000
    75.0000    30.0000     6.4000
    75.0000    35.0000     6.8000
    75.0000    40.0000     7.2000
    75.0000    45.0000     7.6000
    75.0000    50.0000     8.0000
    80.0000     0.0000     4.0000
    80.0000     5.0000     4.4000
    80.0000    10.0000     4.8000
    80.0000    15.0000     5.2000
    80.0000    20.0000     5.6000
    80.0000    25.0000     6.0000
    80.0000    30.0000     6.4000
    80.0000    35.0000     6.8000
    80.0000    40.0000     7.2000
    80.0000    45.0000     7.6000
    80.0000    50.0000     8.0000
    85.0000     0.0000     4.0000
    85.0000     5.0000     4.4000
    85.0000    10.0000     4.8000
    85.0000    15.0000     5.2000
    85.0000    20.0000     5.6000
    85.0000    25.0000     6.0000
    85.0000    30.0000     6.4000
    85.0000    35.0000     6.8000
    85.0000    40.0000     7.2000
    85.0000    45.0000     7.6000
    85.0000    50.0000     8.0000
    90.0000     0.0000     4.0000
    90.0000     5.0000     4.4000
    90.0000    10.0000     4.8000
    90.0000    15.0000     5.2000
    90.0000    20.0000     5.6000
    90.0000    25.0000     6.0000
    90.0000    30.0000     6.4000
    90.0000    35.0000     6.8000
    90.0000    40.0000     7.2000
    90.0000    45.0000     7.6000
    90.0000    50.0000     8.0000
    95.0000     0.0000     4.0000
    95.0000     5.0000     4.4000
    95.0000    10.0000     4.8000
    95.0000    15.0000     5.2000
    95.0000    20.0000     5.6000
    95.0000    25.0000     6.0000
    95.0000    30.0000     6.4000
    95.0000    35.0000     6.8000
    95.0000    40.0000     7.2000
    95.0000    45.0000     7.6000
    95.0000    50.0000     8.0000
   100.0000     0.0000     4.0000
   100.0000     5.0000     4.4000
   100.0000    10.0000     4.8000
   100.0000    15.0000     5.2000
   100.0000    20.0000     5.6000
   100.0000    25.0000     6.0000
   100.0000    30.0000     6.4000
   100.0000    35.0000     6.8000
   100.0000    40.0000     7.2000
   100.0000    45.0000     7.6000
   100.0000    50.0000     8.0000
