  0.0000   0.5016   1.0017   1.4997   1.9951   2.4889   2.9811   3.4724   3.9636   4.4513
  4.9392   5.4258   5.9104   6.3959   6.8794   7.3638   7.8507   8.3386   8.8292   9.3209
  9.8136  10.3062  10.7974  11.2871  11.7715  12.2501  12.7210  13.1841  13.6404  14.0891
 14.5305  14.9664  15.3983  15.8270  16.2559  16.6841  17.1112  17.5376  17.9484  18.2716
 18.5901  18.9190  19.2629  19.6147  19.9743  20.3404  20.7022  21.0668  21.4360  21.8038
 22.1677
  1.0017   0.5005   0.0000   0.4998   0.9973   1.4944   1.9909   2.4849   2.9788   3.4708
  3.9619   4.4510   4.9377   5.4245   5.9098   6.3962   6.8833   7.3731   7.8647   8.3576
  8.8518   9.3460   9.8397  10.3310  10.8189  11.3012  11.7764  12.2442  12.7043  13.1537
 13.5951  14.0316  14.4634  14.8933  15.3230  15.7524  16.1802  16.6076  17.0220  17.3496
 17.6686  17.9978  18.3417  18.6951  19.0553  19.4218  19.7839  20.1489  20.5181  20.8859
 21.2499
  1.9951   1.4969   0.9973   0.4983   0.0000   0.4975   0.9943   1.4903   1.9853   2.4792
  2.9709   3.4611   3.9497   4.4365   4.9234   5.4101   5.8980   6.3880   6.8805   7.3743
  7.8687   8.3640   8.8588   9.3524   9.8420  10.3269  10.8050  11.2757  11.7391  12.1929
 12.6361  13.0731  13.5058  13.9357  14.3661  14.7971  15.2258  15.6543  16.0718  16.4032
 16.7228  17.0523  17.3980  17.7520  18.1125  18.4792  18.8416  19.2068  19.5763  19.9448
 20.3092
  2.9811   2.4865   1.9909   1.4925   0.9943   0.4969   0.0000   0.4962   0.9915   1.4854
  1.9781   2.4691   2.9580   3.4456   3.9325   4.4195   4.9076   5.3977   5.8905   6.3844
  6.8796   7.3756   7.8711   8.3653   8.8560   9.3424   9.8227  10.2960  10.7621  11.2192
 11.6682  12.1062  12.5394  12.9704  13.4016  13.8334  14.2638  14.6927  15.1153  15.4510
 15.7714  16.1024  16.4485  16.8027  17.1636  17.5305  17.8935  18.2596  18.6295  18.9985
 19.3634
  3.9636   3.4721   2.9788   2.4819   1.9853   1.4882   0.9915   0.4955   0.0000   0.4941
  0.9870   1.4780   1.9670   2.4549   2.9418   3.4288   3.9169   4.4070   4.8998   5.3937
  5.8893   6.3857   6.8816   7.3766   7.8686   8.3556   8.8370   9.3127   9.7805  10.2409
 10.6925  11.1384  11.5741  12.0051  12.4367  12.8695  13.3021  13.7324  14.1596  14.5008
 14.8231  15.1551  15.5017  15.8563  16.2174  16.5849  16.9485  17.3155  17.6857  18.0548
 18.4200
  4.9392   4.4518   3.9619   3.4666   2.9709   2.4748   1.9781   1.4822   0.9870   0.4929
  0.0000   0.4910   0.9800   1.4679   1.9548   2.4418   2.9299   3.4200   3.9128   4.4067
  4.9023   5.3991   5.8950   6.3907   6.8829   7.3708   7.8538   8.3306   8.8014   9.2634
  9.7187  10.1671  10.6110  11.0479  11.4832  11.9167  12.3499  12.7814  13.2137  13.5637
 13.8865  14.2190  14.5657  14.9211  15.2846  15.6532  16.0175  16.3852  16.7560  17.1255
 17.4911
  5.9104   5.4263   4.9377   4.4443   3.9497   3.4538   2.9580   2.4621   1.9670   1.4728
  0.9800   0.4890   0.0000   0.4877   0.9746   1.4616   1.9497   2.4398   2.9326   3.4265
  3.9221   4.4189   4.9149   5.4108   5.9034   6.3927   6.8767   7.3561   7.8287   8.2937
  8.7506   9.2031   9.6501  10.0946  10.5360  10.9776  11.4156  11.8539  12.2903  12.6537
 12.9786  13.3124  13.6608  14.0169  14.3806  14.7498  15.1141  15.4825  15.8536  16.2234
 16.5905
  6.8794   6.3963   5.9098   5.4175   4.9234   4.4283   3.9325   3.4365   2.9415   2.4474
  1.9545   1.4635   0.9746   0.4869   0.0000   0.4870   0.9751   1.4653   1.9581   2.4519
  2.9475   3.4443   3.9404   4.4369   4.9301   5.4209   5.9060   6.3866   6.8619   7.3302
  7.7924   8.2483   8.7006   9.1505   9.5977  10.0451  10.4906  10.9368  11.3816  11.7777
 12.1179  12.4549  12.8052  13.1633  13.5291  13.9000  14.2659  14.6360  15.0084  15.3796
 15.7468
  7.8507   7.3694   6.8833   6.3918   5.8980   5.4032   4.9077   4.4118   3.9168   3.4227
  2.9298   2.4388   1.9498   1.4621   0.9751   0.4881   0.0000   0.4901   0.9828   1.4767
  1.9723   2.4691   2.9663   3.4632   3.9574   4.4490   4.9378   5.4207   5.8995   6.3720
  6.8385   7.3010   7.7583   8.2135   8.6677   9.1206   9.5737  10.0260  10.4808  10.9105
 11.2740  11.6171  11.9684  12.3272  12.6937  13.0663  13.4331  13.8039  14.1780  14.5505
 14.9188
  8.8292   8.3498   7.8647   7.3739   6.8805   6.3857   5.8906   5.3946   4.8996   4.4055
  3.9126   3.4216   2.9327   2.4449   1.9579   1.4709   0.9828   0.4929   0.0000   0.4941
  0.9898   1.4867   1.9849   2.4829   2.9786   3.4721   3.9629   4.4497   4.9343   5.4110
  5.8834   6.3516   6.8168   7.2782   7.7396   8.1998   8.6595   9.1191   9.5801  10.0417
 10.4323  10.7925  11.1461  11.5052  11.8723  12.2454  12.6128  12.9840  13.3584  13.7310
 14.0996
  9.8136   9.3356   8.8518   8.3621   7.8687   7.3747   6.8796   6.3841   5.8891   5.3949
  4.9021   4.4111   3.9221   3.4344   2.9474   2.4604   1.9723   1.4823   0.9898   0.4956
  0.0000   0.4970   0.9952   1.4949   1.9917   2.4883   2.9825   3.4732   3.9621   4.4457
  4.9247   5.4000   5.8723   6.3417   6.8103   7.2785   7.7454   8.2123   8.6795   9.1487
  9.5935   9.9733  10.3389  10.6980  11.0651  11.4382  11.8056  12.1768  12.5512  12.9238
 13.2924
 10.7974  10.3222   9.8397   9.3509   8.8588   8.3657   7.8711   7.3763   6.8816   6.3877
  5.8948   5.4038   4.9149   4.4272   3.9404   3.4538   2.9663   2.4763   1.9849   1.4907
  0.9952   0.4982   0.0000   0.4994   0.9989   1.4981   1.9951   2.4898   2.9827   3.4724
  3.9590   4.4419   4.9222   5.3996   5.8751   6.3510   6.8248   7.2990   7.7733   8.2480
  8.7232   9.1534   9.5386   9.9066  10.2737  10.6468  11.0142  11.3854  11.7598  12.1324
 12.5010
 11.7715  11.2987  10.8189  10.3322   9.8420   9.3494   8.8560   8.3622   7.8686   7.3753
  6.8829   6.3923   5.9034   5.4164   4.9301   4.4443   3.9574   3.4690   2.9786   2.4865
  1.9917   1.4961   0.9989   0.4995   0.0000   0.4994   0.9990   1.4973   1.9956   2.4901
  2.9817   3.4717   3.9583   4.4437   4.9260   5.4078   5.8898   6.3693   6.8498   7.3289
  7.8082   8.2899   8.7208   9.1082   9.4835   9.8562  10.2237  10.5949  10.9693  11.3418
 11.7104
 12.7210  12.2527  11.7764  11.2932  10.8050  10.3144   9.8227   9.3298   8.8370   8.3451
  7.8538   7.3639   6.8767   6.3908   5.9060   5.4223   4.9378   4.4514   3.9629   3.4730
  2.9825   2.4897   1.9951   1.4969   0.9990   0.4996   0.0000   0.5001   1.0010   1.4984
  1.9951   2.4891   2.9811   3.4716   3.9601   4.4481   4.9339   5.4188   5.9036   6.3869
  6.8703   7.3547   7.8399   8.2854   8.6790   9.0597   9.4271   9.7983  10.1727  10.5453
 10.9139
 13.6404  13.1756  12.7043  12.2237  11.7391  11.2516  10.7621  10.2725   9.7805   9.2910
  8.8014   8.3133   7.8287   7.3439   6.8619   6.3809   5.8995   5.4182   4.9343   4.4488
  3.9621   3.4737   2.9827   2.4899   1.9956   1.4995   1.0010   0.5009   0.0000   0.4998
  0.9985   1.4957   1.9912   2.4848   2.9774   3.4688   3.9585   4.4470   4.9342   5.4198
  5.9060   6.3923   6.8792   7.3672   7.8409   8.2397   8.6151   8.9863   9.3607   9.7333
 10.1019
 14.5305  14.0656  13.5951  13.1173  12.6361  12.1531  11.6682  11.1807  10.6925  10.2054
  9.7187   9.2334   8.7506   8.2704   7.7924   7.3150   6.8385   6.3619   5.8834   5.4050
  4.9247   4.4426   3.9590   3.4718   2.9817   2.4897   1.9951   1.4989   0.9985   0.4990
  0.0000   0.4981   0.9951   1.4915   1.9851   2.4788   2.9701   3.4607   3.9500   4.4375
  4.9242   5.4116   5.8990   6.3878   6.8785   7.3717   7.8039   8.1775   8.5517   8.9242
  9.2928
 15.3983  14.9337  14.4634  13.9864  13.5058  13.0232  12.5394  12.0557  11.5741  11.0928
 10.6110  10.1291   9.6501   9.1743   8.7006   8.2286   7.7583   7.2874   6.8168   6.3444
  5.8723   5.3979   4.9222   4.4413   3.9583   3.4716   2.9811   2.4880   1.9912   1.4932
  0.9951   0.4971   0.0000   0.4976   0.9927   1.4865   1.9789   2.4697   2.9607   3.4482
  3.9358   4.4232   4.9111   5.3999   5.8911   6.3848   6.8789   7.3722   7.8006   8.1760
  8.5446
 16.2559  15.7920  15.3230  14.8460  14.3661  13.8842  13.4016  12.9184  12.4367  11.9581
 11.4832  11.0087  10.5360  10.0659   9.5977   9.1318   8.6677   8.2041   7.7396   7.2757
  6.8103   6.3442   5.8751   5.4024   4.9260   4.4449   3.9601   3.4709   2.9774   2.4825
  1.9851   1.4880   0.9927   0.4953   0.0000   0.4945   0.9875   1.4790   1.9707   2.4587
  2.9463   3.4337   3.9216   4.4111   4.9022   5.3960   5.8909   6.3852   6.8788   7.3696
  7.7938
 17.1112  16.6479  16.1802  15.7043  15.2258  14.7450  14.2638  13.7820  13.3021  12.8235
 12.3499  11.8811  11.4156  10.9527  10.4906  10.0321   9.5737   9.1167   8.6595   8.2030
  7.7454   7.2873   6.8248   6.3592   5.8898   5.4139   4.9339   4.4493   3.9585   3.4653
  2.9701   2.4742   1.9789   1.4828   0.9875   0.4930   0.0000   0.4915   0.9828   1.4710
  1.9586   2.4460   2.9340   3.4234   3.9145   4.4083   4.9036   5.3987   5.8927   6.3851
  6.8732
 17.9484  17.4874  17.0220  16.5484  16.0718  15.5943  15.1153  14.6365  14.1596  13.6853
 13.2137  12.7483  12.2903  11.8354  11.3816  10.9313  10.4808  10.0299   9.5801   9.1303
  8.6795   8.2285   7.7733   7.3144   6.8498   6.3792   5.9036   5.4222   4.9342   4.4433
  3.9500   3.4554   2.9607   2.4655   1.9703   1.4759   0.9828   0.4918   0.0000   0.4886
  0.9763   1.4637   1.9516   2.4411   2.9323   3.4261   3.9222   4.4175   4.9115   5.4052
  5.8946
 18.5901  18.1318  17.6686  17.1977  16.7228  16.2476  15.7714  15.2969  14.8231  14.3527
 13.8865  13.4261  12.9786  12.5460  12.1179  11.6949  11.2740  10.8542  10.4323  10.0130
  9.5935   9.1725   8.7232   8.2687   7.8082   7.3431   6.8703   6.3925   5.9060   5.4170
  4.9242   4.4304   3.9358   3.4405   2.9462   2.4517   1.9587   1.4676   0.9764   0.4876
  0.0000   0.4874   0.9753   1.4650   1.9561   2.4500   2.9460   3.4412   3.9371   4.4311
  4.9236
 19.2629  18.8048  18.3417  17.8713  17.3980  16.9236  16.4485  15.9746  15.5017  15.0317
 14.5657  14.1070  13.6608  13.2301  12.8052  12.3840  11.9684  11.5555  11.1461  10.7406
 10.3389   9.9399   9.5386   9.1318   8.7208   8.3033   7.8399   7.3629   6.8792   6.3903
  5.8990   5.4055   4.9111   4.4159   3.9216   3.4271   2.9340   2.4430   1.9517   1.4630
  0.9753   0.4880   0.0000   0.4895   0.9806   1.4745   1.9706   2.4675   2.9639   3.4618
  3.9568
 19.9743  19.5175  19.0553  18.5854  18.1125  17.6382  17.1636  16.6900  16.2174  15.7489
 15.2846  14.8266  14.3806  13.9513  13.5291  13.1087  12.6937  12.2818  11.8723  11.4669
 11.0651  10.6684  10.2737   9.8793   9.4848   9.0857   8.6790   8.2639   7.8409   7.3691
  6.8785   6.3852   5.8911   5.3964   4.9021   4.4076   3.9146   3.4235   2.9322   2.4435
  1.9559   1.4685   0.9806   0.4912   0.0000   0.4938   0.9902   1.4880   1.9865   2.4865
  2.9853
 20.7022  20.2458  19.7839  19.3144  18.8416  18.3675  17.8935  17.4204  16.9485  16.4806
 16.0175  15.5599  15.1141  14.6864  14.2659  13.8473  13.4331  13.0222  12.6128  12.2073
 11.8056  11.4089  11.0142  10.6197  10.2237   9.8265   9.4271   9.0235   8.6151   8.2040
  7.8039   7.3724   6.8789   6.3851   5.8909   5.3966   4.9036   4.4133   3.9222   3.4335
  2.9458   2.4584   1.9706   1.4815   0.9902   0.4963   0.0000   0.4982   0.9993   1.5006
  2.0037
 21.4360  20.9795  20.5181  20.0487  19.5763  19.1027  18.6295  18.1573  17.6857  17.2185
 16.7560  16.2991  15.8536  15.4280  15.0084  14.5920  14.1780  13.7678  13.3584  12.9529
 12.5512  12.1545  11.7598  11.3653  10.9693  10.5721  10.1727   9.7691   9.3607   8.9518
  8.5517   8.1783   7.8006   7.3720   6.8788   6.3858   5.8927   5.4024   4.9115   4.4240
  3.9371   3.4506   2.9639   2.4762   1.9865   1.4946   0.9993   0.5021   0.0000   0.5040
  1.0097
 22.1677  21.7113  21.2499  20.7813  20.3092  19.8364  19.3634  18.8913  18.4200  17.9534
 17.4911  17.0350  16.5905  16.1660  15.7468  15.3317  14.9188  14.5090  14.0996  13.6941
 13.2924  12.8956  12.5010  12.1065  11.7104  11.3132  10.9139  10.5102  10.1019   9.6930
  9.2928   8.9195   8.5446   8.1693   7.7938   7.3646   6.8732   6.3833   5.8946   5.4084
  4.9236   4.4395   3.9568   3.4711   2.9853   2.4963   2.0037   1.5081   1.0097   0.5066
  0.0000
