  0.0000000E+00  0.0000000E+00  0.3229930    
   5.000000      0.0000000E+00  0.1983443    
   10.00000      0.0000000E+00  0.1665789    
   15.00000      0.0000000E+00  0.1806242    
   20.00000      0.0000000E+00  0.2076119    
   25.00000      0.0000000E+00  0.2215426    
   30.00000      0.0000000E+00  0.2289533    
   35.00000      0.0000000E+00  0.2126853    
   40.00000      0.0000000E+00  0.1698931    
   45.00000      0.0000000E+00  0.1416656    
   50.00000      0.0000000E+00  0.1215437    
   55.00000      0.0000000E+00  0.1130559    
   60.00000      0.0000000E+00  0.1135079    
   65.00000      0.0000000E+00  0.1499971    
   70.00000      0.0000000E+00  0.2249096    
   75.00000      0.0000000E+00  0.2920076    
   80.00000      0.0000000E+00  0.3170635    
   85.00000      0.0000000E+00  0.3037682    
   90.00000      0.0000000E+00  0.2663556    
   95.00000      0.0000000E+00  0.2248664    
   100.0000      0.0000000E+00  0.3309867    
  0.0000000E+00   5.000000      0.7136896    
   5.000000       5.000000      0.3793566    
   10.00000       5.000000      0.2177779    
   15.00000       5.000000      0.1584641    
   20.00000       5.000000      0.1367913    
   25.00000       5.000000      0.1153798    
   30.00000       5.000000      9.9880934E-02
   35.00000       5.000000      0.1041747    
   40.00000       5.000000      0.1044771    
   45.00000       5.000000      9.2876703E-02
   50.00000       5.000000      8.7888204E-02
   55.00000       5.000000      8.4086768E-02
   60.00000       5.000000      8.2801893E-02
   65.00000       5.000000      8.5206702E-02
   70.00000       5.000000      0.1236799    
   75.00000       5.000000      0.1555670    
   80.00000       5.000000      0.1773645    
   85.00000       5.000000      0.1945848    
   90.00000       5.000000      0.2509198    
   95.00000       5.000000      0.4026067    
   100.0000       5.000000       1.027024    
  0.0000000E+00   10.00000       1.208552    
   5.000000       10.00000      0.7794169    
   10.00000       10.00000      0.5483888    
   15.00000       10.00000      0.4485613    
   20.00000       10.00000      0.3595452    
   25.00000       10.00000      0.2860138    
   30.00000       10.00000      0.2159635    
   35.00000       10.00000      0.1732446    
   40.00000       10.00000      0.1314587    
   45.00000       10.00000      0.1127034    
   50.00000       10.00000      0.1148744    
   55.00000       10.00000      0.1129852    
   60.00000       10.00000      0.1112346    
   65.00000       10.00000      0.1316393    
   70.00000       10.00000      0.1226695    
   75.00000       10.00000      0.1584503    
   80.00000       10.00000      0.1913628    
   85.00000       10.00000      0.2713089    
   90.00000       10.00000      0.4574421    
   95.00000       10.00000      0.8600260    
   100.0000       10.00000       1.403000    
  0.0000000E+00   15.00000       1.220039    
   5.000000       15.00000      0.7681171    
   10.00000       15.00000      0.6449735    
   15.00000       15.00000      0.5456441    
   20.00000       15.00000      0.4833898    
   25.00000       15.00000      0.4435675    
   30.00000       15.00000      0.4572642    
   35.00000       15.00000      0.4161792    
   40.00000       15.00000      0.3274824    
   45.00000       15.00000      0.2378204    
   50.00000       15.00000      0.1960079    
   55.00000       15.00000      0.1743790    
   60.00000       15.00000      0.1651279    
   65.00000       15.00000      0.1934384    
   70.00000       15.00000      0.2512692    
   75.00000       15.00000      0.3866694    
   80.00000       15.00000      0.4979284    
   85.00000       15.00000      0.6073967    
   90.00000       15.00000      0.8337750    
   95.00000       15.00000       1.203161    
   100.0000       15.00000       1.502218    
  0.0000000E+00   20.00000       1.292782    
   5.000000       20.00000      0.7713196    
   10.00000       20.00000      0.6974381    
   15.00000       20.00000      0.6162181    
   20.00000       20.00000      0.4880558    
   25.00000       20.00000      0.4399385    
   30.00000       20.00000      0.4693097    
   35.00000       20.00000      0.4589267    
   40.00000       20.00000      0.3381590    
   45.00000       20.00000      0.2953014    
   50.00000       20.00000      0.3151461    
   55.00000       20.00000      0.3594859    
   60.00000       20.00000      0.3868629    
   65.00000       20.00000      0.4071825    
   70.00000       20.00000      0.4483661    
   75.00000       20.00000      0.5251039    
   80.00000       20.00000      0.6314949    
   85.00000       20.00000      0.7177805    
   90.00000       20.00000      0.9769282    
   95.00000       20.00000       1.310287    
   100.0000       20.00000       1.538583    
  0.0000000E+00   25.00000       1.344065    
   5.000000       25.00000      0.8329688    
   10.00000       25.00000      0.6392823    
   15.00000       25.00000      0.6434997    
   20.00000       25.00000      0.5097057    
   25.00000       25.00000      0.3875270    
   30.00000       25.00000      0.3293966    
   35.00000       25.00000      0.3020051    
   40.00000       25.00000      0.3729424    
   45.00000       25.00000      0.3136623    
   50.00000       25.00000      0.3395091    
   55.00000       25.00000      0.3839993    
   60.00000       25.00000      0.4102937    
   65.00000       25.00000      0.4430433    
   70.00000       25.00000      0.5040126    
   75.00000       25.00000      0.6071196    
   80.00000       25.00000      0.7406943    
   85.00000       25.00000      0.9096743    
   90.00000       25.00000       1.207427    
   95.00000       25.00000       1.454764    
   100.0000       25.00000       1.569940    
  0.0000000E+00   30.00000       1.458411    
   5.000000       30.00000       1.305711    
   10.00000       30.00000       1.033163    
   15.00000       30.00000      0.9192338    
   20.00000       30.00000      0.7177839    
   25.00000       30.00000      0.6845381    
   30.00000       30.00000      0.6719574    
   35.00000       30.00000      0.6295857    
   40.00000       30.00000      0.6613812    
   45.00000       30.00000      0.6456539    
   50.00000       30.00000      0.6161991    
   55.00000       30.00000      0.6115158    
   60.00000       30.00000      0.6627688    
   65.00000       30.00000      0.6750178    
   70.00000       30.00000      0.6591233    
   75.00000       30.00000      0.6850334    
   80.00000       30.00000      0.7992080    
   85.00000       30.00000      0.9460245    
   90.00000       30.00000       1.201661    
   95.00000       30.00000       1.446187    
   100.0000       30.00000       1.585483    
  0.0000000E+00   35.00000       1.373358    
   5.000000       35.00000       1.269863    
   10.00000       35.00000       1.136053    
   15.00000       35.00000      0.9481035    
   20.00000       35.00000      0.9176007    
   25.00000       35.00000      0.9016768    
   30.00000       35.00000      0.8430409    
   35.00000       35.00000      0.8232400    
   40.00000       35.00000      0.7516800    
   45.00000       35.00000      0.7485468    
   50.00000       35.00000      0.7461151    
   55.00000       35.00000      0.7419613    
   60.00000       35.00000      0.7524014    
   65.00000       35.00000      0.7977539    
   70.00000       35.00000      0.8299812    
   75.00000       35.00000      0.8632476    
   80.00000       35.00000       1.071922    
   85.00000       35.00000       1.149304    
   90.00000       35.00000       1.311343    
   95.00000       35.00000       1.449960    
   100.0000       35.00000       1.593956    
  0.0000000E+00   40.00000       1.429242    
   5.000000       40.00000       1.374728    
   10.00000       40.00000       1.280699    
   15.00000       40.00000       1.150178    
   20.00000       40.00000      0.9841498    
   25.00000       40.00000      0.9055718    
   30.00000       40.00000      0.8500838    
   35.00000       40.00000      0.7901256    
   40.00000       40.00000      0.7773486    
   45.00000       40.00000      0.7506002    
   50.00000       40.00000      0.7488968    
   55.00000       40.00000      0.7849975    
   60.00000       40.00000      0.7681478    
   65.00000       40.00000      0.8263925    
   70.00000       40.00000      0.8657494    
   75.00000       40.00000      0.9940080    
   80.00000       40.00000       1.169829    
   85.00000       40.00000       1.265192    
   90.00000       40.00000       1.378416    
   95.00000       40.00000       1.480081    
   100.0000       40.00000       1.596284    
  0.0000000E+00   45.00000       1.469982    
   5.000000       45.00000       1.389576    
   10.00000       45.00000       1.221977    
   15.00000       45.00000       1.061815    
   20.00000       45.00000      0.9649327    
   25.00000       45.00000      0.8598841    
   30.00000       45.00000      0.7621711    
   35.00000       45.00000      0.7139430    
   40.00000       45.00000      0.6513624    
   45.00000       45.00000      0.6478096    
   50.00000       45.00000      0.6542452    
   55.00000       45.00000      0.6874033    
   60.00000       45.00000      0.7230011    
   65.00000       45.00000      0.7683779    
   70.00000       45.00000      0.8462562    
   75.00000       45.00000      0.9472631    
   80.00000       45.00000       1.053629    
   85.00000       45.00000       1.210664    
   90.00000       45.00000       1.429182    
   95.00000       45.00000       1.532032    
   100.0000       45.00000       1.597874    
  0.0000000E+00   50.00000       1.582688    
   5.000000       50.00000       1.570363    
   10.00000       50.00000       1.551128    
   15.00000       50.00000       1.525402    
   20.00000       50.00000       1.522944    
   25.00000       50.00000       1.512046    
   30.00000       50.00000       1.426136    
   35.00000       50.00000       1.292251    
   40.00000       50.00000       1.216660    
   45.00000       50.00000       1.168263    
   50.00000       50.00000       1.218966    
   55.00000       50.00000       1.202682    
   60.00000       50.00000       1.253937    
   65.00000       50.00000       1.368066    
   70.00000       50.00000       1.500004    
   75.00000       50.00000       1.556105    
   80.00000       50.00000       1.572471    
   85.00000       50.00000       1.570121    
   90.00000       50.00000       1.584444    
   95.00000       50.00000       1.593255    
   100.0000       50.00000       1.599802    
