 interface:           1
  0.0000000E+00   1.185554    
   5.000000      0.5429409    
   10.00000      0.5446236    
   15.00000      0.2792796    
   20.00000      0.1434853    
   25.00000      0.1398086    
   30.00000      0.1087087    
   35.00000      0.1815297    
   40.00000      0.4843881    
   45.00000      0.1833722    
   50.00000      8.8430561E-02
   55.00000      8.2144797E-02
   60.00000      0.1563632    
   65.00000      0.7089788    
   70.00000      0.3010607    
   75.00000      9.9532016E-02
   80.00000      9.0052135E-02
   85.00000      0.1367283    
   90.00000      0.5640630    
   95.00000       5.000000    
   100.0000       5.000000    
 interface:           2
  0.0000000E+00  0.7625961    
   5.000000      0.3503511    
   10.00000      0.5026299    
   15.00000      0.2559834    
   20.00000      0.3776232    
   25.00000      0.1129301    
   30.00000      0.1042937    
   35.00000      0.2180933    
   40.00000      0.1768679    
   45.00000      0.2035799    
   50.00000      0.2276187    
   55.00000      0.2205332    
   60.00000      0.2061403    
   65.00000      0.2013049    
   70.00000      0.1909653    
   75.00000      0.1519253    
   80.00000      9.0730786E-02
   85.00000      0.2647288    
   90.00000      0.4066333    
   95.00000       2.128072    
   100.0000       3.135811    
