  0.0000000E+00  0.0000000E+00   3.991893    
  0.0000000E+00   5.000000       4.479126    
  0.0000000E+00   10.00000       4.564451    
  0.0000000E+00   15.00000       4.776299    
  0.0000000E+00   20.00000       5.299984    
  0.0000000E+00   25.00000       5.769587    
  0.0000000E+00   30.00000       6.031891    
  0.0000000E+00   35.00000       6.482819    
  0.0000000E+00   40.00000       7.022639    
  0.0000000E+00   45.00000       7.535650    
  0.0000000E+00   50.00000       8.002337    
   5.000000      0.0000000E+00   4.003715    
   5.000000       5.000000       4.384782    
   5.000000       10.00000       4.440538    
   5.000000       15.00000       4.590399    
   5.000000       20.00000       4.967583    
   5.000000       25.00000       5.746704    
   5.000000       30.00000       6.056405    
   5.000000       35.00000       6.542393    
   5.000000       40.00000       7.038002    
   5.000000       45.00000       7.531576    
   5.000000       50.00000       7.991362    
   10.00000      0.0000000E+00   4.010095    
   10.00000       5.000000       4.306178    
   10.00000       10.00000       4.239851    
   10.00000       15.00000       4.225751    
   10.00000       20.00000       4.437163    
   10.00000       25.00000       5.663928    
   10.00000       30.00000       6.125324    
   10.00000       35.00000       6.618436    
   10.00000       40.00000       7.083925    
   10.00000       45.00000       7.590326    
   10.00000       50.00000       8.006015    
   15.00000      0.0000000E+00   3.999445    
   15.00000       5.000000       4.280685    
   15.00000       10.00000       4.147170    
   15.00000       15.00000       4.055511    
   15.00000       20.00000       4.159278    
   15.00000       25.00000       5.653586    
   15.00000       30.00000       6.220280    
   15.00000       35.00000       6.677591    
   15.00000       40.00000       7.190057    
   15.00000       45.00000       7.667140    
   15.00000       50.00000       8.024002    
   20.00000      0.0000000E+00   3.992875    
   20.00000       5.000000       4.272621    
   20.00000       10.00000       4.085429    
   20.00000       15.00000       3.991239    
   20.00000       20.00000       4.085357    
   20.00000       25.00000       5.689353    
   20.00000       30.00000       6.297396    
   20.00000       35.00000       6.816557    
   20.00000       40.00000       7.277631    
   20.00000       45.00000       7.703047    
   20.00000       50.00000       7.999748    
   25.00000      0.0000000E+00   4.000013    
   25.00000       5.000000       4.268550    
   25.00000       10.00000       4.043575    
   25.00000       15.00000       3.983364    
   25.00000       20.00000       4.156770    
   25.00000       25.00000       5.745544    
   25.00000       30.00000       6.398900    
   25.00000       35.00000       6.885630    
   25.00000       40.00000       7.277009    
   25.00000       45.00000       7.735454    
   25.00000       50.00000       7.998706    
   30.00000      0.0000000E+00   4.000765    
   30.00000       5.000000       4.270883    
   30.00000       10.00000       4.238921    
   30.00000       15.00000       4.357249    
   30.00000       20.00000       4.635948    
   30.00000       25.00000       5.827187    
   30.00000       30.00000       6.430681    
   30.00000       35.00000       6.808300    
   30.00000       40.00000       7.261718    
   30.00000       45.00000       7.758907    
   30.00000       50.00000       8.024706    
   35.00000      0.0000000E+00   3.999237    
   35.00000       5.000000       4.278592    
   35.00000       10.00000       4.518716    
   35.00000       15.00000       4.833762    
   35.00000       20.00000       5.146549    
   35.00000       25.00000       5.834904    
   35.00000       30.00000       6.315644    
   35.00000       35.00000       6.737691    
   35.00000       40.00000       7.223055    
   35.00000       45.00000       7.755773    
   35.00000       50.00000       8.007131    
   40.00000      0.0000000E+00   3.999230    
   40.00000       5.000000       4.301628    
   40.00000       10.00000       4.626604    
   40.00000       15.00000       5.000640    
   40.00000       20.00000       5.313821    
   40.00000       25.00000       5.805430    
   40.00000       30.00000       6.209763    
   40.00000       35.00000       6.709233    
   40.00000       40.00000       7.205714    
   40.00000       45.00000       7.744620    
   40.00000       50.00000       7.973847    
   45.00000      0.0000000E+00   3.999827    
   45.00000       5.000000       4.332708    
   45.00000       10.00000       4.681359    
   45.00000       15.00000       5.062852    
   45.00000       20.00000       5.391788    
   45.00000       25.00000       5.813274    
   45.00000       30.00000       6.177188    
   45.00000       35.00000       6.691548    
   45.00000       40.00000       7.226019    
   45.00000       45.00000       7.742295    
   45.00000       50.00000       7.956442    
   50.00000      0.0000000E+00   3.999663    
   50.00000       5.000000       4.351130    
   50.00000       10.00000       4.709508    
   50.00000       15.00000       5.086712    
   50.00000       20.00000       5.426791    
   50.00000       25.00000       5.825086    
   50.00000       30.00000       6.167436    
   50.00000       35.00000       6.686486    
   50.00000       40.00000       7.227633    
   50.00000       45.00000       7.744977    
   50.00000       50.00000       7.969511    
   55.00000      0.0000000E+00   4.000263    
   55.00000       5.000000       4.349013    
   55.00000       10.00000       4.714299    
   55.00000       15.00000       5.081186    
   55.00000       20.00000       5.429345    
   55.00000       25.00000       5.830735    
   55.00000       30.00000       6.173194    
   55.00000       35.00000       6.676783    
   55.00000       40.00000       7.214705    
   55.00000       45.00000       7.750970    
   55.00000       50.00000       7.993391    
   60.00000      0.0000000E+00   4.005112    
   60.00000       5.000000       4.333275    
   60.00000       10.00000       4.710644    
   60.00000       15.00000       5.068971    
   60.00000       20.00000       5.423081    
   60.00000       25.00000       5.822457    
   60.00000       30.00000       6.190062    
   60.00000       35.00000       6.661155    
   60.00000       40.00000       7.198164    
   60.00000       45.00000       7.758782    
   60.00000       50.00000       7.994806    
   65.00000      0.0000000E+00   3.996024    
   65.00000       5.000000       4.319892    
   65.00000       10.00000       5.125056    
   65.00000       15.00000       5.369556    
   65.00000       20.00000       5.605965    
   65.00000       25.00000       5.844379    
   65.00000       30.00000       6.224582    
   65.00000       35.00000       6.684796    
   65.00000       40.00000       7.208630    
   65.00000       45.00000       7.758347    
   65.00000       50.00000       7.992716    
   70.00000      0.0000000E+00   3.982610    
   70.00000       5.000000       4.298673    
   70.00000       10.00000       5.686666    
   70.00000       15.00000       5.785254    
   70.00000       20.00000       5.869155    
   70.00000       25.00000       5.901111    
   70.00000       30.00000       6.274589    
   70.00000       35.00000       6.752268    
   70.00000       40.00000       7.249716    
   70.00000       45.00000       7.760882    
   70.00000       50.00000       7.994370    
   75.00000      0.0000000E+00   3.985031    
   75.00000       5.000000       4.277342    
   75.00000       10.00000       5.857998    
   75.00000       15.00000       5.922003    
   75.00000       20.00000       5.995904    
   75.00000       25.00000       5.951832    
   75.00000       30.00000       6.319610    
   75.00000       35.00000       6.791926    
   75.00000       40.00000       7.286650    
   75.00000       45.00000       7.770129    
   75.00000       50.00000       8.000377    
   80.00000      0.0000000E+00   3.986834    
   80.00000       5.000000       4.288886    
   80.00000       10.00000       5.870322    
   80.00000       15.00000       5.914731    
   80.00000       20.00000       6.053653    
   80.00000       25.00000       6.059314    
   80.00000       30.00000       6.306046    
   80.00000       35.00000       6.785651    
   80.00000       40.00000       7.295959    
   80.00000       45.00000       7.768367    
   80.00000       50.00000       8.010048    
   85.00000      0.0000000E+00   3.968942    
   85.00000       5.000000       4.348799    
   85.00000       10.00000       5.851126    
   85.00000       15.00000       5.792424    
   85.00000       20.00000       6.042483    
   85.00000       25.00000       6.143276    
   85.00000       30.00000       6.246827    
   85.00000       35.00000       6.731729    
   85.00000       40.00000       7.229595    
   85.00000       45.00000       7.700040    
   85.00000       50.00000       8.002710    
   90.00000      0.0000000E+00   3.954564    
   90.00000       5.000000       4.423540    
   90.00000       10.00000       5.473026    
   90.00000       15.00000       5.526181    
   90.00000       20.00000       5.879078    
   90.00000       25.00000       6.026042    
   90.00000       30.00000       6.184550    
   90.00000       35.00000       6.659559    
   90.00000       40.00000       7.145007    
   90.00000       45.00000       7.624623    
   90.00000       50.00000       7.994310    
   95.00000      0.0000000E+00   3.951982    
   95.00000       5.000000       4.339595    
   95.00000       10.00000       4.960148    
   95.00000       15.00000       5.244651    
   95.00000       20.00000       5.609401    
   95.00000       25.00000       5.831004    
   95.00000       30.00000       6.101136    
   95.00000       35.00000       6.593534    
   95.00000       40.00000       7.092279    
   95.00000       45.00000       7.588133    
   95.00000       50.00000       7.999190    
   100.0000      0.0000000E+00   3.948760    
   100.0000       5.000000       4.225159    
   100.0000       10.00000       4.817120    
   100.0000       15.00000       5.137134    
   100.0000       20.00000       5.481272    
   100.0000       25.00000       5.753318    
   100.0000       30.00000       6.053524    
   100.0000       35.00000       6.555130    
   100.0000       40.00000       7.062062    
   100.0000       45.00000       7.567533    
   100.0000       50.00000       7.999795    
