           1  0.2008010    
           2  6.3007072E-02
           3  3.3425391E-02
           4  2.6125029E-02
           5  2.2253104E-02
           6  1.9735668E-02
           7  1.7910738E-02
           8  1.6508173E-02
           9  1.5392866E-02
          10  1.4468928E-02
          11  1.3690246E-02
          12  1.3022262E-02
          13  1.2437846E-02
          14  1.1926146E-02
          15  1.1471373E-02
          16  1.1059569E-02
          17  1.0684497E-02
          18  1.0341847E-02
          19  1.0030212E-02
          20  9.7418465E-03
          21  9.4772140E-03
          22  9.2308922E-03
          23  9.0028923E-03
          24  8.7880688E-03
          25  8.5872095E-03
          26  8.3994055E-03
          27  8.2226042E-03
          28  8.0558872E-03
          29  7.8971758E-03
          30  7.7461977E-03
          31  7.6026949E-03
          32  7.4660364E-03
          33  7.3347404E-03
          34  7.2104777E-03
          35  7.0914752E-03
          36  6.9784280E-03
          37  6.8707708E-03
          38  6.7664767E-03
          39  6.6668810E-03
          40  6.5710545E-03
          41  6.4781914E-03
          42  6.3892487E-03
          43  6.3040764E-03
          44  6.2209787E-03
          45  6.1406689E-03
          46  6.0632620E-03
          47  5.9888610E-03
          48  5.9167515E-03
          49  5.8463332E-03
          50  5.7783718E-03
          51  5.7124002E-03
          52  5.6488034E-03
          53  5.5866153E-03
          54  5.5267652E-03
          55  5.4684300E-03
          56  5.4114652E-03
          57  5.3559537E-03
          58  5.3025889E-03
          59  5.2500777E-03
          60  5.1980135E-03
