  0.0000   0.4999   0.9995   1.4981   1.9953   2.4911   2.9840   3.4759   3.9663   4.4528
  4.9384   5.4241   5.9082   6.3934   6.8774   7.3632   7.8511   8.3392   8.8293   9.3204
  9.8130  10.3055  10.7971  11.2863  11.7701  12.2490  12.7209  13.1830  13.6388  14.0872
 14.5289  14.9652  15.3970  15.8258  16.2540  16.6810  17.1100  17.5400  17.9545  18.2716
 18.5898  18.9199  19.2636  19.6158  19.9743  20.3410  20.7086  21.0770  21.4451  21.8075
 22.1663
  0.9995   0.4999   0.0000   0.5003   0.9989   1.4970   1.9943   2.4884   2.9822   3.4724
  3.9618   4.4500   4.9362   5.4225   5.9084   6.3958   6.8840   7.3740   7.8652   8.3579
  8.8517   9.3455   9.8391  10.3303  10.8181  11.3001  11.7758  12.2435  12.7023  13.1519
 13.5936  14.0304  14.4623  14.8922  15.3209  15.7491  16.1787  16.6092  17.0266  17.3473
 17.6657  17.9960  18.3400  18.6934  19.0524  19.4193  19.7871  20.1555  20.5236  20.8860
 21.2451
  1.9953   1.4979   0.9989   0.4995   0.0000   0.4989   0.9967   1.4933   1.9882   2.4807
  2.9711   3.4604   3.9485   4.4355   4.9231   5.4107   5.8994   6.3896   6.8817   7.3753
  7.8700   8.3653   8.8598   9.3530   9.8426  10.3278  10.8062  11.2766  11.7398  12.1936
 12.6374  13.0746  13.5074  13.9374  14.3668  14.7963  15.2265  15.6588  16.0800  16.4037
 16.7226  17.0529  17.3985  17.7520  18.1114  18.4785  18.8465  19.2153  19.5835  19.9465
 20.3066
  2.9840   2.4898   1.9943   1.4958   0.9967   0.4980   0.0000   0.4967   0.9919   1.4851
  1.9767   2.4667   2.9553   3.4432   3.9307   4.4186   4.9075   5.3978   5.8903   6.3838
  6.8792   7.3750   7.8704   8.3642   8.8553   9.3420   9.8226  10.2962  10.7617  11.2193
 11.6689  12.1072  12.5406  12.9717  13.4023  13.8329  14.2647  14.6977  15.1235  15.4510
 15.7711  16.1030  16.4489  16.8026  17.1620  17.5292  17.8975  18.2670  18.6359  18.9993
 19.3598
  3.9663   3.4757   2.9822   2.4850   1.9882   1.4897   0.9919   0.4955   0.0000   0.4934
  0.9850   1.4750   1.9635   2.4516   2.9391   3.4271   3.9159   4.4062   4.8987   5.3923
  5.8878   6.3846   6.8803   7.3748   7.8670   8.3546   8.8362   9.3117   9.7794  10.2398
 10.6924  11.1388  11.5747  12.0058  12.4367  12.8684  13.3021  13.7357  14.1672  14.4999
 14.8217  15.1540  15.5002  15.8543  16.2144  16.5821  16.9512  17.3213  17.6904  18.0538
 18.4147
  4.9384   4.4518   3.9618   3.4673   2.9711   2.4744   1.9768   1.4804   0.9851   0.4916
  0.0000   0.4899   0.9785   1.4666   1.9541   2.4420   2.9309   3.4212   3.9137   4.4072
  4.9028   5.3996   5.8953   6.3906   6.8828   7.3710   7.8545   8.3309   8.8013   9.2633
  9.7193  10.1680  10.6124  11.0496  11.4839  11.9164  12.3504  12.7845  13.2217  13.5624
 13.8847  14.2175  14.5637  14.9191  15.2810  15.6495  16.0191  16.3900  16.7594  17.1232
 17.4844
  5.9082   5.4243   4.9362   4.4431   3.9485   3.4519   2.9554   2.4589   1.9637   1.4701
  0.9785   0.4886   0.0000   0.4879   0.9754   1.4633   1.9522   2.4425   2.9350   3.4285
  3.9241   4.4209   4.9166   5.4122   5.9047   6.3943   6.8786   7.3578   7.8298   8.2950
  8.7523   9.2052   9.6525  10.0974  10.5386  10.9789  11.4181  11.8588  12.2993  12.6550
 12.9779  13.3118  13.6598  14.0159  14.3781  14.7468  15.1166  15.4879  15.8575  16.2217
 16.5838
  6.8774   6.3952   5.9084   5.4172   4.9231   4.4272   3.9307   3.4342   2.9391   2.4456
  1.9539   1.4640   0.9754   0.4875   0.0000   0.4879   0.9768   1.4671   1.9595   2.4531
  2.9487   3.4455   3.9413   4.4374   4.9305   5.4216   5.9070   6.3874   6.8621   7.3303
  7.7930   8.2493   8.7020   9.1523   9.5993  10.0455  10.4918  10.9398  11.3889  11.7817
 12.1178  12.4545  12.8044  13.1621  13.5270  13.8967  14.2682  14.6411  15.0118  15.3769
 15.7394
  7.8511   7.3695   6.8840   6.3931   5.8994   5.4042   4.9077   4.4112   3.9160   3.4225
  2.9309   2.4410   1.9524   1.4644   0.9768   0.4889   0.0000   0.4903   0.9826   1.4762
  1.9717   2.4685   2.9654   3.4620   3.9561   4.4480   4.9371   5.4197   5.8980   6.3704
  6.8373   7.3003   7.7580   8.2137   8.6676   9.1195   9.5732  10.0268  10.4832  10.9141
 11.2735  11.6149  11.9658  12.3243  12.6903  13.0621  13.4337  13.8081  14.1800  14.5466
 14.9100
  8.8293   8.3496   7.8652   7.3749   6.8817   6.3865   5.8903   5.3938   4.8986   4.4051
  3.9135   3.4236   2.9350   2.4470   1.9594   1.4715   0.9826   0.4925   0.0000   0.4938
  0.9894   1.4863   1.9842   2.4819   2.9776   3.4714   3.9625   4.4490   4.9331   5.4098
  5.8826   6.3512   6.8170   7.2789   7.7400   8.1994   8.6596   9.1199   9.5822  10.0456
 10.4342  10.7921  11.1443  11.5036  11.8699  12.2420  12.6143  12.9892  13.3612  13.7278
 14.0914
  9.8130   9.3356   8.8517   8.3626   7.8700   7.3752   6.8792   6.3830   5.8878   5.3943
  4.9026   4.4127   3.9241   3.4361   2.9486   2.4606   1.9718   1.4817   0.9895   0.4956
  0.0000   0.4970   0.9950   1.4943   1.9911   2.4880   2.9825   3.4730   3.9614   4.4450
  4.9245   5.4003   5.8732   6.3432   6.8116   7.2790   7.7464   8.2137   8.6821   9.1520
  9.5978   9.9757  10.3383  10.6976  11.0639  11.4360  11.8083  12.1833  12.5552  12.9218
 13.2855
 10.7971  10.3216   9.8391   9.3513   8.8598   8.3658   7.8704   7.3751   6.8803   6.3867
  5.8951   5.4052   4.9166   4.4287   3.9413   3.4538   2.9654   2.4753   1.9842   1.4904
  0.9950   0.4981   0.0000   0.4991   0.9985   1.4980   1.9953   2.4898   2.9822   3.4719
  3.9589   4.4423   4.9232   5.4013   5.8768   6.3518   6.8257   7.3001   7.7754   8.2506
  8.7277   9.1563   9.5397   9.9052  10.2715  10.6436  11.0159  11.3909  11.7628  12.1294
 12.4931
 11.7701  11.2973  10.8181  10.3322   9.8426   9.3496   8.8553   8.3609   7.8670   7.3740
  6.8828   6.3933   5.9047   5.4174   4.9305   4.4437   3.9561   3.4675   2.9776   2.4857
  1.9911   1.4955   0.9985   0.4994   0.0000   0.4997   0.9996   1.4977   1.9955   2.4899
  2.9819   3.4726   3.9600   4.4460   4.9283   5.4095   5.8912   6.3707   6.8510   7.3308
  7.8119   8.2945   8.7239   9.1092   9.4810   9.8527  10.2250  10.6000  10.9720  11.3385
 11.7022
 12.7209  12.2516  11.7758  11.2935  10.8062  10.3152   9.8226   9.3295   8.8362   8.3446
  7.8545   7.3655   6.8786   6.3923   5.9070   5.4223   4.9371   4.4505   3.9625   3.4728
  2.9825   2.4897   1.9953   1.4973   0.9996   0.4999   0.0000   0.4999   1.0004   1.4977
  1.9948   2.4894   2.9822   3.4735   3.9620   4.4493   4.9349   5.4192   5.9037   6.3874
  6.8714   7.3568   7.8437   8.2873   8.6784   9.0544   9.4267   9.8017  10.1737  10.5402
 10.9039
 13.6388  13.1742  12.7023  12.2235  11.7398  11.2521  10.7617  10.2717   9.7794   9.2901
  8.8013   8.3143   7.8298   7.3447   6.8621   6.3802   5.8980   5.4166   4.9331   4.4480
  3.9614   3.4731   2.9822   2.4897   1.9955   1.4991   1.0003   0.5004   0.0000   0.4997
  0.9988   1.4967   1.9930   2.4876   2.9802   3.4711   3.9600   4.4478   4.9346   5.4204
  5.9065   6.3939   6.8814   7.3711   7.8454   8.2396   8.6152   8.9902   9.3621   9.7287
 10.0924
 14.5289  14.0643  13.5936  13.1167  12.6374  12.1543  11.6689  11.1809  10.6924  10.2051
  9.7193   9.2348   8.7523   8.2717   7.7930   7.3147   6.8373   6.3606   5.8826   5.4046
  4.9245   4.4424   3.9589   3.4720   2.9819   2.4897   1.9948   1.4987   0.9988   0.4994
  0.0000   0.4988   0.9968   1.4941   1.9879   2.4811   2.9717   3.4612   3.9498   4.4365
  4.9240   5.4118   5.9002   6.3899   6.8815   7.3749   7.8092   8.1842   8.5561   8.9227
  9.2864
 15.3970  14.9326  14.4623  13.9862  13.5074  13.0248  12.5406  12.0570  11.5747  11.0937
 10.6124  10.1313   9.6525   9.1764   8.7020   8.2291   7.7580   7.2870   6.8170   6.3450
  5.8732   5.3988   4.9232   4.4427   3.9600   3.4729   2.9822   2.4893   1.9930   1.4953
  0.9968   0.4980   0.0000   0.4986   0.9938   1.4871   1.9788   2.4683   2.9583   3.4450
  3.9325   4.4203   4.9089   5.3992   5.8908   6.3843   6.8791   7.3749   7.8158   8.1824
  8.5461
 16.2540  15.7900  15.3209  14.8451  14.3668  13.8855  13.4023  12.9190  12.4367  11.9579
 11.4839  11.0108  10.5386  10.0680   9.5993   9.1323   8.6676   8.2039   7.7400   7.2768
  6.8116   6.3456   5.8768   5.4045   4.9283   4.4470   3.9620   3.4730   2.9802   2.4856
  1.9879   1.4900   0.9938   0.4954   0.0000   0.4937   0.9856   1.4758   1.9659   2.4533
  2.9408   3.4286   3.9173   4.4075   4.8991   5.3926   5.8879   6.3841   6.8802   7.3751
  7.7980
 17.1100  16.6466  16.1787  15.7042  15.2265  14.7464  14.2647  13.7826  13.3021  12.8233
 12.3504  11.8831  11.4181  10.9546  10.4918  10.0320   9.5732   9.1160   8.6596   8.2037
  7.7464   7.2879   6.8257   6.3607   5.8912   5.4150   4.9349   4.4506   3.9600   3.4672
  2.9717   2.4750   1.9788   1.4811   0.9856   0.4919   0.0000   0.4902   0.9801   1.4675
  1.9550   2.4428   2.9315   3.4217   3.9133   4.4068   4.9021   5.3984   5.8947   6.3897
  6.8836
 17.9545  17.4923  17.0266  16.5548  16.0800  15.6026  15.1235  14.6447  14.1672  13.6926
 13.2217  12.7574  12.2993  11.8439  11.3889  10.9348  10.4832  10.0317   9.5822   9.1326
  8.6821   8.2305   7.7754   7.3161   6.8510   6.3800   5.9037   5.4220   4.9346   4.4435
  3.9498   3.4544   2.9583   2.4613   1.9658   1.4720   0.9801   0.4904   0.0000   0.4879
  0.9754   1.4632   1.9518   2.4422   2.9338   3.4273   3.9225   4.4188   4.9156   5.4110
  5.9049
 18.5898  18.1300  17.6657  17.1954  16.7226  16.2477  15.7711  15.2962  14.8217  14.3506
 13.8847  13.4251  12.9779  12.5458  12.1178  11.6942  11.2735  10.8542  10.4342  10.0163
  9.5978   9.1773   8.7277   8.2723   7.8119   7.3453   6.8714   6.3932   5.9065   5.4172
  4.9240   4.4286   3.9325   3.4358   2.9407   2.4470   1.9550   1.4653   0.9755   0.4875
  0.0000   0.4878   0.9765   1.4669   1.9584   2.4519   2.9472   3.4435   3.9403   4.4361
  4.9304
 19.2636  18.8039  18.3400  17.8708  17.3985  16.9245  16.4489  15.9744  15.5002  15.0294
 14.5637  14.1058  13.6598  13.2294  12.8044  12.3822  11.9658  11.5528  11.1443  10.7398
 10.3383   9.9404   9.5397   9.1343   8.7239   8.3077   7.8437   7.3669   6.8814   6.3928
  5.9002   5.4051   4.9090   4.4123   3.9171   3.4234   2.9315   2.4417   1.9519   1.4640
  0.9765   0.4886   0.0000   0.4903   0.9819   1.4754   1.9707   2.4670   2.9645   3.4608
  3.9563
 19.9743  19.5152  19.0524  18.5835  18.1114  17.6376  17.1620  16.6879  16.2144  15.7450
 15.2810  14.8239  14.3781  13.9491  13.5270  13.1061  12.6903  12.2784  11.8699  11.4654
 11.0639  10.6666  10.2715   9.8771   9.4816   9.0838   8.6784   8.2654   7.8454   7.3740
  6.8815   6.3867   5.8908   5.3941   4.8990   4.4053   3.9133   3.4236   2.9338   2.4458
  1.9583   1.4705   0.9819   0.4917   0.0000   0.4935   0.9888   1.4856   1.9837   2.4806
  2.9770
 20.7086  20.2499  19.7871  19.3183  18.8465  18.3728  17.8975  17.4239  16.9512  16.4826
 16.0191  15.5623  15.1166  14.6891  14.2682  13.8488  13.4337  13.0228  12.6143  12.2098
 11.8083  11.4110  11.0159  10.6215  10.2251   9.8273   9.4267   9.0226   8.6152   8.2078
  7.8092   7.3747   6.8791   6.3830   5.8879   5.3941   4.9022   4.4125   3.9226   3.4347
  2.9472   2.4594   1.9708   1.4806   0.9888   0.4953   0.0000   0.4968   0.9963   1.4932
  1.9914
 21.4451  20.9864  20.5236  20.0550  19.5835  19.1098  18.6359  18.1627  17.6904  17.2219
 16.7594  16.3029  15.8575  15.4319  15.0118  14.5950  14.1800  13.7697  13.3612  12.9567
 12.5552  12.1579  11.7628  11.3684  10.9720  10.5742  10.1737   9.7696   9.3621   8.9547
  8.5561   8.1856   7.8158   7.3749   6.8802   6.3865   5.8947   5.4055   4.9156   4.4277
  3.9403   3.4531   2.9645   2.4747   1.9837   1.4909   0.9963   0.4997   0.0000   0.4989
  0.9982
 22.1663  21.7075  21.2451  20.7772  20.3066  19.8334  19.3598  18.8870  18.4147  17.9468
 17.4844  17.0284  16.5838  16.1594  15.7394  15.3240  14.9100  14.4999  14.0914  13.6870
 13.2855  12.8882  12.4931  12.0986  11.7022  11.3044  10.9039  10.4998  10.0924   9.6849
  9.2864   8.9159   8.5461   8.1730   7.7980   7.3754   6.8836   6.3945   5.9049   5.4178
  4.9304   4.4433   3.9563   3.4676   2.9770   2.4855   1.9914   1.4964   0.9982   0.4995
  0.0000
12.33680,12.31511,12.26338,12.23992,12.28193,12.37495,12.51126,12.67385,12.65782,12.66985,
12.71829,12.79925,12.91195,13.06122,13.24288,13.44975,13.67879,13.93637,14.07285,14.19952,
14.36857,14.57237,14.79853,15.04034,15.29162,15.55424,15.82479,16.10008,16.37395,16.64713,
16.92133,17.19798,17.47620,17.76323,18.05423,18.35430,18.65219,18.81788,19.02142,19.26734,
19.53218,19.81000,20.10753,20.41314,20.73497,21.06719,21.40209,21.74266,22.08394,22.42166,
22.76768,
12.26338,12.18054,12.12114,12.09768,12.13969,12.23271,12.36612,12.50117,12.48254,12.49456,
12.54126,12.61610,12.72562,12.86744,13.04527,13.23565,13.44828,13.59154,13.64174,13.76332,
13.92883,14.12921,14.35090,14.58804,14.83898,15.10160,15.37160,15.64384,15.91522,16.18488,
16.45605,16.73093,17.00753,17.29390,17.58306,17.87997,18.16432,18.32738,18.52985,18.77461,
19.03907,19.29570,19.57365,19.86309,20.17045,20.48580,20.80222,21.12873,21.45701,21.78208,
22.12526,
12.28193,12.19909,12.13969,12.11623,12.15824,12.25126,12.38442,12.49792,12.47929,12.41964,
12.37629,12.36104,12.39365,12.47391,12.58971,12.74330,12.91957,12.96409,13.01117,13.12949,
13.29261,13.49006,13.70817,13.94268,14.19361,14.45624,14.72411,14.99413,15.26439,15.53338,
15.80455,16.07780,16.34986,16.63171,16.91810,17.21367,17.46243,17.58223,17.75559,17.95926,
18.17200,18.42149,18.69889,18.98212,19.28353,19.59370,19.90761,20.23372,20.56113,20.88537,
21.22804,
12.51126,12.42552,12.36612,12.34242,12.38442,12.47769,12.37313,12.23459,12.11276,12.01314,
11.94874,11.93164,11.95644,12.01786,12.09747,12.21958,12.36279,12.35497,12.39853,12.50929,
12.66767,12.86117,13.07655,13.31064,13.56157,13.82420,14.09170,14.35920,14.62407,14.88734,
15.15317,15.42299,15.69464,15.97649,16.26288,16.51462,16.57943,16.69713,16.86470,17.06207,
17.27355,17.52165,17.79815,18.08047,18.38189,18.69206,19.00597,19.33208,19.65949,19.98373,
20.32640,
12.65782,12.55542,12.48254,12.45615,12.47929,12.29587,12.11276,11.94308,11.79790,11.69069,
11.62288,11.58066,11.57074,11.59355,11.64760,11.74024,11.80414,11.76783,11.81059,11.92135,
12.07973,12.27323,12.48826,12.72234,12.97328,13.23516,13.49760,13.76158,14.02645,14.28971,
14.55555,14.82537,15.07824,15.26443,15.45916,15.63229,15.69709,15.81444,15.98088,16.17824,
16.38947,16.63758,16.91357,17.19413,17.49549,17.80563,18.11871,18.44481,18.77189,19.09573,
19.43833,
12.71829,12.61572,12.54126,12.51486,12.37629,12.15294,11.94874,11.77147,11.62288,11.49305,
11.38896,11.31162,11.26505,11.25387,11.29561,11.38686,11.32039,11.28111,11.32318,11.43251,
11.58876,11.77934,11.99198,12.22607,12.47701,12.73763,13.00007,13.26405,13.51844,13.73598,
13.91796,14.07771,14.24867,14.42905,14.62023,14.79291,14.85772,14.97479,15.14066,15.33687,
15.54729,15.79540,16.07062,16.34990,16.65127,16.96109,17.27365,17.59975,17.92661,18.24958,
18.59204,
12.91195,12.80544,12.72562,12.63572,12.39365,12.16844,11.95644,11.75683,11.57074,11.40588,
11.26505,11.15409,11.08974,11.07794,11.11793,11.06167,10.97144,10.93057,10.97264,11.08197,
11.23822,11.42880,11.61749,11.80443,12.00359,12.21092,12.42089,12.63420,12.84768,13.03107,
13.18109,13.34044,13.50853,13.68564,13.87242,14.02824,14.08725,14.19789,14.35526,14.54360,
14.75135,14.99906,15.26916,15.54712,15.84588,16.15111,16.46323,16.78908,17.11333,17.43444,
17.77636,
13.24288,13.13232,13.04527,12.84340,12.58971,12.34830,12.09748,11.86416,11.64760,11.45288,
11.29561,11.18403,11.11793,11.07295,10.83559,10.64308,10.51543,10.46204,10.50255,10.60160,
10.73911,10.89855,11.07029,11.25625,11.45541,11.66246,11.87147,12.08187,12.25977,12.39602,
12.53989,12.68963,12.84642,13.01299,13.18965,13.32875,13.38154,13.48862,13.64078,13.82464,
14.03239,14.27969,14.54956,14.82556,15.12288,15.42684,15.73896,16.06421,16.38787,16.70859,
17.05035,
13.67879,13.55645,13.44827,13.19547,12.91957,12.63432,12.36279,12.08457,11.80414,11.54794,
11.32039,11.12546,10.97144,10.76126,10.51543,10.32070,10.19305,10.13966,10.18017,10.27922,
10.41615,10.57559,10.74733,10.93329,11.13245,11.33933,11.54679,11.72123,11.84618,11.97584,
12.10966,12.24739,12.39308,12.54854,12.71744,12.83233,12.87615,12.97667,13.12227,13.30472,
13.51247,13.75603,14.01712,14.28527,14.57761,14.87964,15.19008,15.51256,15.83308,16.14361,
16.48391,
14.07285,13.91193,13.64174,13.32296,13.01117,12.70377,12.39853,12.09175,11.81059,11.55439,
11.32318,11.12666,10.97264,10.74857,10.50255,10.30782,10.18017,10.12678,10.16729,10.26634,
10.40327,10.56271,10.73343,10.91939,11.11853,11.29347,11.39064,11.49442,11.59900,11.70445,
11.81430,11.92924,12.05636,12.20012,12.35446,12.41401,12.44667,12.54181,12.67803,12.85636,
13.05819,13.29079,13.53954,13.80002,14.09023,14.39146,14.68934,14.97613,15.25099,15.54281,
15.88311,
14.36857,14.20607,13.92883,13.60953,13.29261,12.97984,12.66767,12.36089,12.07973,11.82227,
11.58876,11.39223,11.23822,10.99164,10.73911,10.54381,10.41615,10.36276,10.40327,10.50118,
10.62439,10.77413,10.94280,11.04795,11.11237,11.18447,11.25883,11.33621,11.41330,11.49503,
11.58482,11.68535,11.79497,11.91543,12.04809,12.06139,12.07663,12.16039,12.29093,12.46137,
12.64983,12.87438,13.11496,13.37311,13.62861,13.87495,14.13126,14.39889,14.66323,14.95505,
15.29534,
14.79853,14.63602,14.35090,14.02936,13.70817,13.39040,13.07655,12.76977,12.48826,12.22550,
11.99198,11.79546,11.61749,11.33147,11.07028,10.87498,10.74733,10.69394,10.73343,10.82145,
10.94280,10.99756,11.01501,11.04905,11.09035,11.13390,11.18199,11.23194,11.28886,11.35386,
11.42408,11.50009,11.58533,11.68195,11.77424,11.74825,11.75404,11.82916,11.94780,12.11036,
12.29018,12.49454,12.67585,12.88634,13.09768,13.32019,13.56695,13.83458,14.09892,14.39074,
14.73104,
15.29162,15.12911,14.83898,14.51570,14.19361,13.87542,13.56157,13.25479,12.97328,12.71052,
12.47701,12.28048,12.00359,11.71660,11.45541,11.26011,11.13245,11.07907,11.11853,11.14807,
11.11237,11.09468,11.09035,11.09562,11.10721,11.12196,11.14960,11.18359,11.21739,11.25653,
11.29944,11.34891,11.41570,11.49854,11.51756,11.46554,11.46626,11.53141,11.64036,11.75254,
11.87288,12.01803,12.16653,12.34126,12.54785,12.77036,13.01712,13.28475,13.54844,13.84027,
14.18056,
15.82479,15.66229,15.37160,15.04772,14.72412,14.40554,14.09170,13.78466,13.49759,13.23358,
13.00006,12.74546,12.42089,12.13284,11.87147,11.67491,11.54679,11.48499,11.39064,11.31810,
11.25884,11.21385,11.18199,11.15970,11.14960,11.14974,11.15357,11.15969,11.16635,11.17885,
11.20127,11.23467,11.27870,11.33470,11.27311,11.19883,11.18132,11.18921,11.23800,11.29331,
11.37534,11.48214,11.62058,11.79318,11.99976,12.22073,12.46141,12.71070,12.96272,13.25454,
13.59484,
16.37394,16.21144,15.91522,15.58885,15.26440,14.94583,14.62407,14.31442,14.02645,13.76243,
13.51844,13.17487,12.84768,12.55767,12.25977,12.02321,11.84618,11.71351,11.59900,11.49954,
11.41330,11.34241,11.28886,11.25046,11.21739,11.19051,11.16635,11.14317,11.13018,11.12667,
11.12661,11.13293,11.15019,11.06161,10.88778,10.78717,10.75179,10.72601,10.72011,10.74307,
10.80099,10.90034,11.03879,11.21066,11.40668,11.61474,11.83655,12.05971,12.30914,12.59892,
12.93921,
16.92133,16.75859,16.45605,16.12901,15.80455,15.48022,15.15317,14.84352,14.55555,14.28945,
13.91796,13.53697,13.18109,12.84872,12.53989,12.29481,12.10966,11.95412,11.81430,11.69027,
11.58481,11.49820,11.42408,11.35828,11.29944,11.24545,11.20127,11.16154,11.12661,11.09332,
11.06357,11.04228,10.77875,10.55075,10.36989,10.25797,10.17558,10.11555,10.08902,10.10560,
10.16352,10.26185,10.38958,10.54208,10.71344,10.90388,11.11514,11.33085,11.58028,11.87005,
12.21035,
17.47620,17.31251,17.00753,16.67974,16.34986,16.02170,15.69464,15.38499,15.07824,14.65921,
14.24867,13.86613,13.50853,13.16399,12.84642,12.59006,12.39308,12.21503,12.05636,11.91878,
11.79497,11.68440,11.58533,11.49388,11.41570,11.34636,11.27870,11.21285,11.15019,11.05784,
10.77875,10.45831,10.18746,9.956709,9.774042,9.655693,9.564779,9.498330,9.471459,9.488049,
9.545960,9.640075,9.761319,9.907650,10.07367,10.25898,10.46803,10.68374,10.93317,11.22295,
11.56324,
18.05423,17.88988,17.58306,17.24989,16.91810,16.58994,16.26288,15.89109,15.45916,15.03122,
14.62023,14.23769,13.87242,13.51468,13.18965,12.92812,12.71744,12.52808,12.35446,12.19451,
12.04810,11.90839,11.77424,11.64515,11.51756,11.39317,11.27311,11.10328,10.88778,10.65895,
10.36989,10.04633,9.774042,9.541935,9.357992,9.235230,9.137239,9.068700,9.041830,9.058418,
9.115825,9.205143,9.319301,9.457760,9.612881,9.790665,9.998945,10.21465,10.46408,10.75386,
11.09416,
18.65219,18.48594,18.16431,17.82963,17.46243,17.02386,16.57943,16.13629,15.69709,15.26871,
14.85772,14.47019,14.08725,13.71647,13.38153,13.11443,12.87615,12.65203,12.44667,12.25538,
12.07663,11.90953,11.75404,11.60490,11.46626,11.33024,11.18132,10.96972,10.75179,10.48579,
10.17558,9.840717,9.564779,9.325478,9.137240,8.999413,8.894931,8.826392,8.798709,8.800814,
8.832581,8.891986,8.978048,9.096050,9.234960,9.412027,9.620308,9.836014,10.08544,10.37522,
10.71552,
19.02142,18.85372,18.52985,18.18796,17.75559,17.31337,16.86470,16.42007,15.98087,15.55165,
15.14066,14.74544,14.35526,13.97692,13.64078,13.36944,13.12227,12.89368,12.67803,12.47808,
12.29093,12.11338,11.94780,11.79216,11.64036,11.45565,11.23800,10.99193,10.72011,10.41938,
10.08902,9.749675,9.471460,9.230690,9.041831,8.904004,8.798709,8.718593,8.664563,8.637578,
8.640314,8.671707,8.743089,8.858562,8.997472,9.174042,9.377387,9.578364,9.827795,10.11004,
10.44912,
19.53218,19.36356,19.03907,18.61182,18.17199,17.72347,17.27355,16.82891,16.38947,15.95831,
15.54729,15.14566,14.75135,14.36852,14.03239,13.76027,13.51247,13.27970,13.05819,12.84907,
12.64983,12.46529,12.29018,12.09867,11.87288,11.63538,11.37534,11.09457,10.80099,10.49388,
10.16352,9.824176,9.545961,9.304789,9.115826,8.964371,8.832582,8.724730,8.640314,8.582998,
8.566492,8.594633,8.666015,8.781488,8.910769,9.066509,9.243449,9.430871,9.674823,9.949646,
10.28448,
20.10753,19.93878,19.57365,19.14103,18.69890,18.24807,17.79815,17.35351,16.91357,16.48223,
16.07062,15.66535,15.26916,14.88569,14.54956,14.27437,14.01712,13.77308,13.53954,13.32095,
13.11496,12.91620,12.67585,12.43248,12.16653,11.89502,11.62058,11.33237,11.03879,10.73058,
10.38958,10.04512,9.761320,9.511108,9.319300,9.136213,8.978049,8.849758,8.743090,8.682522,
8.666016,8.692830,8.750687,8.834095,8.940712,9.068659,9.213941,9.400712,9.637094,9.907656,
10.23957,
20.73497,20.56622,20.17044,19.73367,19.28354,18.83181,18.38189,17.93725,17.49549,17.06416,
16.65127,16.24473,15.84588,15.45901,15.12288,14.84246,14.57761,14.32726,14.09023,13.87037,
13.62861,13.37219,13.09768,12.81952,12.54785,12.27420,11.99976,11.70886,11.40668,11.07014,
10.71344,10.36423,10.07367,9.819630,9.612880,9.407119,9.234960,9.104141,8.997472,8.936750,
8.910769,8.911497,8.940712,8.995812,9.075722,9.185518,9.325891,9.512663,9.749045,10.01961,
10.35152,
21.40209,21.23334,20.80223,20.35784,19.90762,19.45590,19.00597,18.56134,18.11871,17.68737,
17.27365,16.86436,16.46323,16.07509,15.73895,15.45670,15.19008,14.93672,14.68934,14.41220,
14.13126,13.84712,13.56695,13.28880,13.01712,12.74348,12.46141,12.15899,11.83655,11.48351,
11.11514,10.76377,10.46803,10.21399,9.998945,9.792467,9.620307,9.489406,9.377388,9.297076,
9.243448,9.213986,9.213940,9.250595,9.325891,9.435688,9.570039,9.754960,9.985944,10.25283,
10.57787,
22.08394,21.88829,21.45702,21.01197,20.56113,20.10941,19.65949,19.21485,18.77189,18.34055,
17.92661,17.51592,17.11333,16.72401,16.38787,16.10298,15.83308,15.54955,15.25099,14.95399,
14.66322,14.37908,14.09892,13.82076,13.54844,13.26593,12.96272,12.64892,12.30914,11.94965,
11.58028,11.22890,10.93317,10.67913,10.46408,10.25760,10.08544,9.948289,9.827794,9.737200,
9.674823,9.640276,9.637094,9.673749,9.749045,9.856548,9.985945,10.16987,10.39968,10.66472,
10.98742,
22.76768,22.55676,22.12526,21.67907,21.22804,20.77632,20.32640,19.88176,19.43833,19.00699,
18.59204,18.17999,17.77635,17.38648,17.05034,16.76322,16.48391,16.18228,15.88311,15.58611,
15.29534,15.01120,14.73104,14.45288,14.18056,13.89805,13.59484,13.28104,12.93921,12.57972,
12.21035,11.85897,11.56324,11.30920,11.09416,10.88768,10.71552,10.57419,10.44912,10.35335,
10.28448,10.24405,10.23957,10.27622,10.35152,10.45417,10.57787,10.76023,10.98742,11.25123,
11.56890,
17.82389,17.81525,17.80267,17.78909,17.83116,17.92452,18.06388,18.26353,18.29036,18.26440,
18.24955,18.25169,18.27434,18.31848,18.38637,18.31281,18.19512,18.14173,18.18071,18.28270,
18.42711,18.60774,18.79180,18.97265,19.14970,19.31721,19.47903,19.63604,19.78926,19.93937,
20.08856,20.23763,20.38840,20.54273,20.70041,20.72489,20.73125,20.80795,20.92338,21.07298,
21.24715,21.45794,21.69039,21.93825,22.20640,22.46447,22.73184,23.00878,23.27285,23.56467,
23.90497,
17.80267,17.78003,17.74520,17.72174,17.76374,17.85677,17.99612,18.19161,18.14783,18.11741,
18.10201,18.10323,18.12508,18.16825,18.23367,18.15361,18.03465,17.98127,18.02025,18.12190,
18.26631,18.44636,18.62897,18.80857,18.98380,19.15022,19.31204,19.46871,19.62194,19.77204,
19.92123,20.06966,20.21928,20.37198,20.52819,20.54961,20.55597,20.63267,20.74809,20.89770,
21.07187,21.28266,21.51511,21.76297,22.03111,22.28920,22.55656,22.83350,23.09756,23.38939,
23.72969,
17.83116,17.80527,17.76374,17.74028,17.78229,17.87531,18.01467,18.21015,18.16638,18.13543,
18.12003,18.12124,18.14310,18.18588,18.25130,18.16632,18.04695,17.99356,18.03254,18.13395,
18.27836,18.45682,18.63681,18.81417,18.98662,19.15200,19.31311,19.46977,19.62300,19.77310,
19.92174,20.06838,20.21669,20.35159,20.47860,20.44442,20.44646,20.51129,20.61638,20.75972,
20.92929,21.13579,21.35799,21.59327,21.84451,22.08779,22.34560,22.61112,22.86765,23.15947,
23.49977,
18.06388,18.03765,17.99612,17.97266,18.01467,18.10769,18.24705,18.43448,18.38217,18.30971,
18.25394,18.21434,18.19676,18.19728,18.15726,17.96828,17.84062,17.78723,17.82774,17.92679,
18.06891,18.22914,18.39398,18.56084,18.72583,18.88177,19.02817,19.16672,19.29677,19.42088,
19.54287,19.66333,19.78678,19.91409,20.01677,19.96937,19.96846,20.02851,20.13140,20.27304,
20.44026,20.64626,20.86190,21.09219,21.33593,21.57557,21.82841,22.08799,22.34154,22.63336,
22.97366,
18.29035,18.20723,18.14783,18.12437,18.16638,18.25940,18.38238,18.27583,18.17691,18.08891,
18.01846,17.96599,17.93376,17.92458,17.83925,17.65206,17.52440,17.47102,17.51153,17.61058,
17.75270,17.91293,18.07473,18.23324,18.38691,18.53077,18.66577,18.79305,18.91290,19.02774,
19.13909,19.25001,19.36175,19.47904,19.56086,19.50535,19.50330,19.56022,19.66219,19.80146,
19.96730,20.17157,20.38167,20.60687,20.84331,21.07720,21.32431,21.57673,21.82870,22.12053,
22.46082,
18.24955,18.16253,18.10201,18.07803,18.12003,18.21200,18.25395,18.13198,18.01846,17.91947,
17.83708,17.77106,17.72490,17.70530,17.58973,17.40184,17.27419,17.22080,17.26131,17.36036,
17.50130,17.65372,17.80558,17.95239,18.09350,18.22419,18.34785,18.46542,18.57695,18.67991,
18.78148,18.88283,18.98690,19.09523,19.14104,19.05285,19.04390,19.09146,19.18013,19.29959,
19.45057,19.62497,19.79846,19.99183,20.20217,20.41557,20.64515,20.87083,21.12026,21.40943,
21.74973,
18.27434,18.18732,18.12508,18.10279,18.14480,18.22869,18.19676,18.05978,17.93376,17.82081,
17.72491,17.64573,17.59027,17.56323,17.43200,17.23912,17.11147,17.05808,17.09859,17.19764,
17.33133,17.47310,17.61201,17.74619,17.85925,17.94393,18.02453,18.10137,18.17343,18.24228,
18.30954,18.37801,18.44728,18.52284,18.44951,18.36133,18.35152,18.39804,18.48464,18.60252,
18.75033,18.91972,19.08854,19.27931,19.48486,19.69730,19.92492,20.14667,20.39610,20.68478,
21.02508,
18.38638,18.29801,18.23367,18.21126,18.25301,18.32823,18.15505,17.98920,17.83925,17.70270,
17.58973,17.49975,17.43200,17.34753,17.08742,16.89212,16.76446,16.71108,16.75159,16.83712,
16.93648,17.04147,17.13643,17.22323,17.30974,17.39261,17.47225,17.54667,17.61718,17.68421,
17.74878,17.81273,17.87844,17.94994,17.85869,17.76959,17.75876,17.80434,17.88962,18.00670,
18.15017,18.31425,18.48027,18.66769,18.87081,19.07976,19.30476,19.52395,19.77338,20.06163,
20.40192,
18.19323,18.09936,18.03277,18.00853,18.04506,18.01737,17.84062,17.67435,17.52440,17.38786,
17.27419,17.18165,17.11147,17.02457,16.76446,16.56916,16.44150,16.38812,16.42863,16.51417,
16.61352,16.71851,16.81316,16.89914,16.98474,17.06680,17.14507,17.21794,17.28628,17.35105,
17.41212,17.47192,17.53437,17.60145,17.48931,17.39862,17.38668,17.42943,17.51195,17.62681,
17.76380,17.92283,18.08372,18.26774,18.46580,18.67196,18.89348,19.10948,19.35891,19.64588,
19.98588,
18.18071,18.08684,18.02025,17.99601,18.03254,18.00449,17.82774,17.66148,17.51153,17.37498,
17.26131,17.16877,17.09859,17.01169,16.75159,16.55628,16.42863,16.37524,16.41575,16.50096,
16.59963,16.70304,16.79124,16.87201,16.95049,17.02609,17.09611,17.16087,17.21780,17.27006,
17.31836,17.36601,17.41625,17.44284,17.31135,17.21455,17.19979,17.23753,17.31474,17.41949,
17.54449,17.68993,17.84164,18.01462,18.20181,18.40133,18.61596,18.82447,19.07391,19.35807,
19.69732,
18.42711,18.33319,18.26632,18.24208,18.27836,18.24643,18.06891,17.90265,17.75270,17.61615,
17.50130,17.40467,17.33134,17.19766,16.93648,16.74118,16.61352,16.56014,16.59962,16.67620,
16.76118,16.84307,16.89898,16.95585,17.01263,17.06730,17.11585,17.16011,17.19869,17.23494,
17.26831,17.29954,17.33411,17.30267,17.16095,17.06121,17.04406,17.07571,17.14858,17.24078,
17.35219,17.48092,17.62623,17.79086,17.97000,18.15946,18.36701,18.56824,18.81735,19.09922,
19.43788,
18.79180,18.69656,18.62897,18.60422,18.63681,18.57166,18.39397,18.22771,18.07473,17.93194,
17.80558,17.69850,17.61201,17.39762,17.13643,16.94113,16.81315,16.75977,16.79124,16.84479,
16.89898,16.93505,16.97533,17.01884,17.06171,17.09985,17.13561,17.16801,17.19386,17.21494,
17.23381,17.25339,17.27565,17.18603,17.03304,16.93226,16.91270,16.93935,17.00768,17.08275,
17.18178,17.30045,17.43677,17.59155,17.75982,17.94170,18.14252,18.33775,18.58595,18.86507,
19.20248,
19.14970,19.05265,18.98380,18.95879,18.98662,18.90508,18.72583,18.55088,18.38691,18.23239,
18.09350,17.97272,17.85925,17.57121,17.30974,17.11319,16.98474,16.92984,16.95049,16.98771,
17.01263,17.03659,17.06171,17.09185,17.11919,17.14485,17.16848,17.18513,17.19442,17.20440,
17.21080,17.21574,17.22247,17.07717,16.91230,16.81169,16.78980,16.81228,16.86709,16.93140,
17.01984,17.12536,17.25214,17.39836,17.55665,17.73060,17.92120,18.11216,18.35838,18.63508,
18.97035,
19.47903,19.38119,19.31204,19.28703,19.31311,19.21922,19.02817,18.84619,18.66577,18.49919,
18.34785,18.21314,18.02453,17.73546,17.47225,17.27461,17.14507,17.08694,17.09611,17.11084,
17.11585,17.12362,17.13561,17.15322,17.16849,17.18035,17.18758,17.19322,17.18970,17.18686,
17.17646,17.16833,17.15083,16.95552,16.78424,16.68360,16.65894,16.67550,16.71549,16.76974,
16.84433,16.94017,17.05669,17.19386,17.34026,17.50428,17.68476,17.87217,18.11551,18.38955,
18.72324,
19.78926,19.69119,19.62194,19.59692,19.62300,19.49713,19.29677,19.10229,18.91290,18.73635,
18.57694,18.42844,18.17342,17.88341,17.61718,17.41786,17.28628,17.22487,17.21780,17.20983,
17.19869,17.19315,17.19386,17.19536,17.19442,17.19352,17.18970,17.18019,17.16300,17.14664,
17.12353,17.10232,17.01870,16.81243,16.63860,16.53799,16.51175,16.51796,16.54213,16.58440,
16.64797,16.73304,16.83668,16.96289,17.09718,17.25020,17.41668,17.60400,17.84385,18.11499,
18.44662,
20.08856,19.99049,19.92123,19.89622,19.92174,19.75150,19.54287,19.33639,19.13909,18.95171,
18.78148,18.62482,18.30954,18.01793,17.74877,17.54716,17.41213,17.34657,17.31836,17.29248,
17.26831,17.24880,17.23381,17.22213,17.21080,17.19640,17.17646,17.15134,17.12353,17.09166,
17.05297,17.01827,16.86551,16.64944,16.47562,16.37501,16.34562,16.33799,16.34667,16.37449,
16.41366,16.46066,16.52902,16.62046,16.72889,16.85217,16.99076,17.17575,17.40657,17.67326,
17.99813,
20.38840,20.28933,20.21928,20.19403,20.21669,19.99894,19.78678,19.56781,19.36175,19.16778,
18.98690,18.77637,18.44728,18.15163,17.87844,17.67518,17.53437,17.46147,17.41625,17.37448,
17.33411,17.30145,17.27564,17.25025,17.22247,17.19407,17.15084,17.08744,17.01870,16.94419,
16.86552,16.69585,16.43079,16.21062,16.03588,15.93326,15.87287,15.82927,15.80604,15.80874,
15.83066,15.87355,15.94076,16.02774,16.13361,16.25442,16.39057,16.57557,16.80639,17.07307,
17.39794,
20.70041,20.60008,20.52819,20.50294,20.47860,20.24733,20.01677,19.78440,19.56086,19.35135,
19.14104,18.78468,18.44951,18.14171,17.85869,17.64768,17.48931,17.39434,17.31135,17.23345,
17.16095,17.09471,17.03287,16.97330,16.91230,16.85011,16.78421,16.71312,16.63860,16.55844,
16.47562,16.30096,16.03588,15.81556,15.64066,15.53790,15.47471,15.42917,15.40357,15.40230,
15.42182,15.46194,15.52688,15.61239,15.71509,15.83461,15.97076,16.15576,16.38658,16.65326,
16.97813,
20.73125,20.62884,20.55597,20.53072,20.44646,20.21087,19.96846,19.73090,19.50330,19.28591,
19.04390,18.68728,18.35153,18.04276,17.75876,17.54602,17.38668,17.28777,17.19979,17.11870,
17.04405,16.97550,16.91270,16.85192,16.78981,16.72650,16.65894,16.58714,16.51175,16.43057,
16.34562,16.13817,15.87287,15.65055,15.47471,15.36994,15.29960,15.24420,15.21255,15.20308,
15.21384,15.24602,15.30332,15.38206,15.47937,15.59729,15.73343,15.91843,16.14925,16.41594,
16.74081,
20.92337,20.82096,20.74809,20.72284,20.61638,20.37992,20.13140,19.89124,19.66219,19.44102,
19.18013,18.82119,18.48464,18.17399,17.88962,17.67445,17.51195,17.40830,17.31474,17.22886,
17.14857,17.07661,17.00768,16.93949,16.86709,16.79333,16.71549,16.63074,16.54213,16.44764,
16.34667,16.07210,15.80604,15.58148,15.40357,15.29522,15.21255,15.14948,15.10740,15.08496,
15.08289,15.10682,15.15801,15.23441,15.33172,15.44964,15.58579,15.77079,16.00161,16.26829,
16.59102,
21.24714,21.14474,21.07187,21.04662,20.92929,20.69223,20.44026,20.19855,19.96730,19.73987,
19.45057,19.08798,18.75033,18.43668,18.15017,17.93080,17.76381,17.65004,17.54448,17.44550,
17.35219,17.26535,17.18178,17.10076,17.01984,16.93444,16.84433,16.74842,16.64798,16.53945,
16.41366,16.09859,15.83066,15.60269,15.42182,15.30680,15.21384,15.13943,15.08290,15.04768,
15.03982,15.06337,15.11456,15.19096,15.28827,15.40484,15.53512,15.71853,15.94639,16.21057,
16.52908,
21.69039,21.58798,21.51511,21.48986,21.35799,21.11813,20.86190,20.61491,20.38167,20.14461,
19.79846,19.42861,19.08854,18.76953,18.48027,18.25421,18.08372,17.95937,17.84164,17.73054,
17.62623,17.52952,17.43677,17.34462,17.25214,17.15708,17.05669,16.94984,16.83667,16.71391,
16.52902,16.21101,15.94076,15.71045,15.52688,15.40502,15.30332,15.22033,15.15801,15.12242,
15.11456,15.13811,15.18930,15.26365,15.35178,15.45465,15.57627,15.75780,15.98290,16.24486,
16.55796,
22.20640,22.10399,22.03112,22.00587,21.84451,21.59402,21.33594,21.08273,20.84331,20.57903,
20.20217,19.82778,19.48486,19.16360,18.87081,18.64111,18.46580,18.32994,18.20181,18.08240,
17.97000,17.86233,17.75982,17.65795,17.55665,17.45139,17.34026,17.22233,17.09718,16.96202,
16.72889,16.40575,16.13361,15.90037,15.71509,15.58752,15.47937,15.39403,15.33172,15.29613,
15.28827,15.31004,15.35169,15.41051,15.48712,15.58109,15.69599,15.87477,16.09836,16.35798,
16.66779,
22.73184,22.62944,22.55657,22.53131,22.34559,22.08884,21.82841,21.57175,21.32431,21.02496,
20.64515,20.26945,19.92492,19.60207,19.30476,19.07055,18.89348,18.75031,18.61596,18.48840,
18.36701,18.25200,18.14252,18.03297,17.92120,17.80644,17.68476,17.55518,17.41668,17.26869,
16.99075,16.66344,16.39056,16.15664,15.97076,15.84158,15.73343,15.64810,15.58579,15.54846,
15.53512,15.54509,15.57627,15.62663,15.69599,15.78062,15.89062,16.06746,16.28913,16.54691,
16.84177,
23.27285,23.17044,23.09757,23.07232,22.86765,22.60457,22.34154,22.08299,21.82870,21.50443,
21.12026,20.74266,20.39610,20.07291,19.77339,19.53791,19.35891,19.21250,19.07390,18.94235,
18.81735,18.69867,18.58595,18.47299,18.35838,18.23998,18.11551,17.98363,17.84385,17.69335,
17.40657,17.07926,16.80638,16.57247,16.38658,16.25740,16.14925,16.06392,16.00161,15.96216,
15.94639,15.95448,15.98290,16.03080,16.09837,16.18004,16.28914,16.46494,16.68573,16.94350,
17.23111,
23.90496,23.80256,23.72969,23.70444,23.49977,23.23669,22.97366,22.71511,22.46083,22.13465,
21.74972,21.37195,21.02508,20.70185,20.40193,20.16535,19.98588,19.83786,19.69732,19.56418,
19.43788,19.31742,19.20248,19.08751,18.97035,18.84937,18.72324,18.58895,18.44662,18.28899,
17.99813,17.67081,17.39794,17.16402,16.97813,16.84896,16.74081,16.65547,16.59102,16.54692,
16.52908,16.53320,16.55796,16.60256,16.66759,16.73786,16.84142,17.01439,17.23075,17.48735,
17.61737,
