  0.0000000E+00  0.0000000E+00   1.600000    
   5.000000      0.0000000E+00   1.600000    
   10.00000      0.0000000E+00   1.600000    
   15.00000      0.0000000E+00   1.600000    
   20.00000      0.0000000E+00   1.600000    
   25.00000      0.0000000E+00   1.600000    
   30.00000      0.0000000E+00   1.600000    
   35.00000      0.0000000E+00   1.600000    
   40.00000      0.0000000E+00   1.600000    
   45.00000      0.0000000E+00   1.600000    
   50.00000      0.0000000E+00   1.600000    
   55.00000      0.0000000E+00   1.600000    
   60.00000      0.0000000E+00   1.600000    
   65.00000      0.0000000E+00   1.600000    
   70.00000      0.0000000E+00   1.600000    
   75.00000      0.0000000E+00   1.600000    
   80.00000      0.0000000E+00   1.600000    
   85.00000      0.0000000E+00   1.600000    
   90.00000      0.0000000E+00   1.600000    
   95.00000      0.0000000E+00   1.600000    
   100.0000      0.0000000E+00   1.600000    
  0.0000000E+00   5.000000       1.600000    
   5.000000       5.000000       1.600000    
   10.00000       5.000000       1.600000    
   15.00000       5.000000       1.600000    
   20.00000       5.000000       1.600000    
   25.00000       5.000000       1.600000    
   30.00000       5.000000       1.600000    
   35.00000       5.000000       1.600000    
   40.00000       5.000000       1.600000    
   45.00000       5.000000       1.600000    
   50.00000       5.000000       1.600000    
   55.00000       5.000000       1.600000    
   60.00000       5.000000       1.600000    
   65.00000       5.000000       1.600000    
   70.00000       5.000000       1.600000    
   75.00000       5.000000       1.600000    
   80.00000       5.000000       1.600000    
   85.00000       5.000000       1.600000    
   90.00000       5.000000       1.600000    
   95.00000       5.000000       1.600000    
   100.0000       5.000000       1.600000    
  0.0000000E+00   10.00000       1.600000    
   5.000000       10.00000       1.600000    
   10.00000       10.00000       1.600000    
   15.00000       10.00000       1.600000    
   20.00000       10.00000       1.600000    
   25.00000       10.00000       1.600000    
   30.00000       10.00000       1.600000    
   35.00000       10.00000       1.600000    
   40.00000       10.00000       1.600000    
   45.00000       10.00000       1.600000    
   50.00000       10.00000       1.600000    
   55.00000       10.00000       1.600000    
   60.00000       10.00000       1.600000    
   65.00000       10.00000       1.600000    
   70.00000       10.00000       1.600000    
   75.00000       10.00000       1.600000    
   80.00000       10.00000       1.600000    
   85.00000       10.00000       1.600000    
   90.00000       10.00000       1.600000    
   95.00000       10.00000       1.600000    
   100.0000       10.00000       1.600000    
  0.0000000E+00   15.00000       1.600000    
   5.000000       15.00000       1.600000    
   10.00000       15.00000       1.600000    
   15.00000       15.00000       1.600000    
   20.00000       15.00000       1.600000    
   25.00000       15.00000       1.600000    
   30.00000       15.00000       1.600000    
   35.00000       15.00000       1.600000    
   40.00000       15.00000       1.600000    
   45.00000       15.00000       1.600000    
   50.00000       15.00000       1.600000    
   55.00000       15.00000       1.600000    
   60.00000       15.00000       1.600000    
   65.00000       15.00000       1.600000    
   70.00000       15.00000       1.600000    
   75.00000       15.00000       1.600000    
   80.00000       15.00000       1.600000    
   85.00000       15.00000       1.600000    
   90.00000       15.00000       1.600000    
   95.00000       15.00000       1.600000    
   100.0000       15.00000       1.600000    
  0.0000000E+00   20.00000       1.600000    
   5.000000       20.00000       1.600000    
   10.00000       20.00000       1.600000    
   15.00000       20.00000       1.600000    
   20.00000       20.00000       1.600000    
   25.00000       20.00000       1.600000    
   30.00000       20.00000       1.600000    
   35.00000       20.00000       1.600000    
   40.00000       20.00000       1.600000    
   45.00000       20.00000       1.600000    
   50.00000       20.00000       1.600000    
   55.00000       20.00000       1.600000    
   60.00000       20.00000       1.600000    
   65.00000       20.00000       1.600000    
   70.00000       20.00000       1.600000    
   75.00000       20.00000       1.600000    
   80.00000       20.00000       1.600000    
   85.00000       20.00000       1.600000    
   90.00000       20.00000       1.600000    
   95.00000       20.00000       1.600000    
   100.0000       20.00000       1.600000    
  0.0000000E+00   25.00000       1.600000    
   5.000000       25.00000       1.600000    
   10.00000       25.00000       1.600000    
   15.00000       25.00000       1.600000    
   20.00000       25.00000       1.600000    
   25.00000       25.00000       1.600000    
   30.00000       25.00000       1.600000    
   35.00000       25.00000       1.600000    
   40.00000       25.00000       1.600000    
   45.00000       25.00000       1.600000    
   50.00000       25.00000       1.600000    
   55.00000       25.00000       1.600000    
   60.00000       25.00000       1.600000    
   65.00000       25.00000       1.600000    
   70.00000       25.00000       1.600000    
   75.00000       25.00000       1.600000    
   80.00000       25.00000       1.600000    
   85.00000       25.00000       1.600000    
   90.00000       25.00000       1.600000    
   95.00000       25.00000       1.600000    
   100.0000       25.00000       1.600000    
  0.0000000E+00   30.00000       1.600000    
   5.000000       30.00000       1.600000    
   10.00000       30.00000       1.600000    
   15.00000       30.00000       1.600000    
   20.00000       30.00000       1.600000    
   25.00000       30.00000       1.600000    
   30.00000       30.00000       1.600000    
   35.00000       30.00000       1.600000    
   40.00000       30.00000       1.600000    
   45.00000       30.00000       1.600000    
   50.00000       30.00000       1.600000    
   55.00000       30.00000       1.600000    
   60.00000       30.00000       1.600000    
   65.00000       30.00000       1.600000    
   70.00000       30.00000       1.600000    
   75.00000       30.00000       1.600000    
   80.00000       30.00000       1.600000    
   85.00000       30.00000       1.600000    
   90.00000       30.00000       1.600000    
   95.00000       30.00000       1.600000    
   100.0000       30.00000       1.600000    
  0.0000000E+00   35.00000       1.600000    
   5.000000       35.00000       1.600000    
   10.00000       35.00000       1.600000    
   15.00000       35.00000       1.600000    
   20.00000       35.00000       1.600000    
   25.00000       35.00000       1.600000    
   30.00000       35.00000       1.600000    
   35.00000       35.00000       1.600000    
   40.00000       35.00000       1.600000    
   45.00000       35.00000       1.600000    
   50.00000       35.00000       1.600000    
   55.00000       35.00000       1.600000    
   60.00000       35.00000       1.600000    
   65.00000       35.00000       1.600000    
   70.00000       35.00000       1.600000    
   75.00000       35.00000       1.600000    
   80.00000       35.00000       1.600000    
   85.00000       35.00000       1.600000    
   90.00000       35.00000       1.600000    
   95.00000       35.00000       1.600000    
   100.0000       35.00000       1.600000    
  0.0000000E+00   40.00000       1.600000    
   5.000000       40.00000       1.600000    
   10.00000       40.00000       1.600000    
   15.00000       40.00000       1.600000    
   20.00000       40.00000       1.600000    
   25.00000       40.00000       1.600000    
   30.00000       40.00000       1.600000    
   35.00000       40.00000       1.600000    
   40.00000       40.00000       1.600000    
   45.00000       40.00000       1.600000    
   50.00000       40.00000       1.600000    
   55.00000       40.00000       1.600000    
   60.00000       40.00000       1.600000    
   65.00000       40.00000       1.600000    
   70.00000       40.00000       1.600000    
   75.00000       40.00000       1.600000    
   80.00000       40.00000       1.600000    
   85.00000       40.00000       1.600000    
   90.00000       40.00000       1.600000    
   95.00000       40.00000       1.600000    
   100.0000       40.00000       1.600000    
  0.0000000E+00   45.00000       1.600000    
   5.000000       45.00000       1.600000    
   10.00000       45.00000       1.600000    
   15.00000       45.00000       1.600000    
   20.00000       45.00000       1.600000    
   25.00000       45.00000       1.600000    
   30.00000       45.00000       1.600000    
   35.00000       45.00000       1.600000    
   40.00000       45.00000       1.600000    
   45.00000       45.00000       1.600000    
   50.00000       45.00000       1.600000    
   55.00000       45.00000       1.600000    
   60.00000       45.00000       1.600000    
   65.00000       45.00000       1.600000    
   70.00000       45.00000       1.600000    
   75.00000       45.00000       1.600000    
   80.00000       45.00000       1.600000    
   85.00000       45.00000       1.600000    
   90.00000       45.00000       1.600000    
   95.00000       45.00000       1.600000    
   100.0000       45.00000       1.600000    
  0.0000000E+00   50.00000       1.600000    
   5.000000       50.00000       1.600000    
   10.00000       50.00000       1.600000    
   15.00000       50.00000       1.600000    
   20.00000       50.00000       1.600000    
   25.00000       50.00000       1.600000    
   30.00000       50.00000       1.600000    
   35.00000       50.00000       1.600000    
   40.00000       50.00000       1.600000    
   45.00000       50.00000       1.600000    
   50.00000       50.00000       1.600000    
   55.00000       50.00000       1.600000    
   60.00000       50.00000       1.600000    
   65.00000       50.00000       1.600000    
   70.00000       50.00000       1.600000    
   75.00000       50.00000       1.600000    
   80.00000       50.00000       1.600000    
   85.00000       50.00000       1.600000    
   90.00000       50.00000       1.600000    
   95.00000       50.00000       1.600000    
   100.0000       50.00000       1.600000    
