  0.0000000E+00  0.0000000E+00   4.000000    
  0.0000000E+00   5.000000       4.327799    
  0.0000000E+00   10.00000       4.655762    
  0.0000000E+00   15.00000       4.983725    
  0.0000000E+00   20.00000       5.311688    
  0.0000000E+00   25.00000       5.639651    
  0.0000000E+00   30.00000       5.967614    
  0.0000000E+00   35.00000       6.474281    
  0.0000000E+00   40.00000       7.000527    
  0.0000000E+00   45.00000       7.526774    
  0.0000000E+00   50.00000       8.000000    
   5.000000      0.0000000E+00   4.000000    
   5.000000       5.000000       4.323985    
   5.000000       10.00000       4.657083    
   5.000000       15.00000       4.990180    
   5.000000       20.00000       5.323277    
   5.000000       25.00000       5.656375    
   5.000000       30.00000       5.989473    
   5.000000       35.00000       6.501688    
   5.000000       40.00000       7.019749    
   5.000000       45.00000       7.537810    
   5.000000       50.00000       8.000000    
   10.00000      0.0000000E+00   4.000000    
   10.00000       5.000000       4.310739    
   10.00000       10.00000       4.000000    
   10.00000       15.00000       4.000000    
   10.00000       20.00000       4.000000    
   10.00000       25.00000       5.714453    
   10.00000       30.00000       6.092113    
   10.00000       35.00000       6.586516    
   10.00000       40.00000       7.080921    
   10.00000       45.00000       7.575325    
   10.00000       50.00000       8.000000    
   15.00000      0.0000000E+00   4.000000    
   15.00000       5.000000       4.290553    
   15.00000       10.00000       4.000000    
   15.00000       15.00000       4.000000    
   15.00000       20.00000       4.000000    
   15.00000       25.00000       5.802960    
   15.00000       30.00000       6.223693    
   15.00000       35.00000       6.690818    
   15.00000       40.00000       7.157942    
   15.00000       45.00000       7.625067    
   15.00000       50.00000       8.000000    
   20.00000      0.0000000E+00   4.000000    
   20.00000       5.000000       4.269366    
   20.00000       10.00000       4.000000    
   20.00000       15.00000       4.000000    
   20.00000       20.00000       4.000000    
   20.00000       25.00000       5.895857    
   20.00000       30.00000       6.332678    
   20.00000       35.00000       6.779895    
   20.00000       40.00000       7.227113    
   20.00000       45.00000       7.674330    
   20.00000       50.00000       8.000000    
   25.00000      0.0000000E+00   4.000000    
   25.00000       5.000000       4.256373    
   25.00000       10.00000       4.000000    
   25.00000       15.00000       4.000000    
   25.00000       20.00000       4.000000    
   25.00000       25.00000       5.952824    
   25.00000       30.00000       6.392295    
   25.00000       35.00000       6.833689    
   25.00000       40.00000       7.275083    
   25.00000       45.00000       7.716476    
   25.00000       50.00000       8.000000    
   30.00000      0.0000000E+00   4.000000    
   30.00000       5.000000       4.258774    
   30.00000       10.00000       4.000000    
   30.00000       15.00000       4.000000    
   30.00000       20.00000       4.000000    
   30.00000       25.00000       5.942301    
   30.00000       30.00000       6.385340    
   30.00000       35.00000       6.831900    
   30.00000       40.00000       7.278460    
   30.00000       45.00000       7.725020    
   30.00000       50.00000       8.000000    
   35.00000      0.0000000E+00   4.000000    
   35.00000       5.000000       4.275146    
   35.00000       10.00000       4.673988    
   35.00000       15.00000       5.072829    
   35.00000       20.00000       5.471671    
   35.00000       25.00000       5.870513    
   35.00000       30.00000       6.312688    
   35.00000       35.00000       6.775694    
   35.00000       40.00000       7.238701    
   35.00000       45.00000       7.701707    
   35.00000       50.00000       8.000000    
   40.00000      0.0000000E+00   4.000000    
   40.00000       5.000000       4.296895    
   40.00000       10.00000       4.666460    
   40.00000       15.00000       5.036024    
   40.00000       20.00000       5.405589    
   40.00000       25.00000       5.775154    
   40.00000       30.00000       6.192885    
   40.00000       35.00000       6.685451    
   40.00000       40.00000       7.178018    
   40.00000       45.00000       7.670584    
   40.00000       50.00000       8.000000    
   45.00000      0.0000000E+00   4.000000    
   45.00000       5.000000       4.335549    
   45.00000       10.00000       4.701994    
   45.00000       15.00000       5.068439    
   45.00000       20.00000       5.434885    
   45.00000       25.00000       5.801330    
   45.00000       30.00000       6.220914    
   45.00000       35.00000       6.703423    
   45.00000       40.00000       7.185931    
   45.00000       45.00000       7.668440    
   45.00000       50.00000       8.000000    
   50.00000      0.0000000E+00   4.000000    
   50.00000       5.000000       4.359532    
   50.00000       10.00000       4.723579    
   50.00000       15.00000       5.087626    
   50.00000       20.00000       5.451673    
   50.00000       25.00000       5.815720    
   50.00000       30.00000       6.235617    
   50.00000       35.00000       6.712767    
   50.00000       40.00000       7.189917    
   50.00000       45.00000       7.667067    
   50.00000       50.00000       8.000000    
   55.00000      0.0000000E+00   4.000000    
   55.00000       5.000000       4.361645    
   55.00000       10.00000       4.725480    
   55.00000       15.00000       5.089316    
   55.00000       20.00000       5.453151    
   55.00000       25.00000       5.816987    
   55.00000       30.00000       6.236853    
   55.00000       35.00000       6.713429    
   55.00000       40.00000       7.190004    
   55.00000       45.00000       7.666580    
   55.00000       50.00000       8.000000    
   60.00000      0.0000000E+00   4.000000    
   60.00000       5.000000       4.341216    
   60.00000       10.00000       4.707094    
   60.00000       15.00000       5.072972    
   60.00000       20.00000       5.438851    
   60.00000       25.00000       5.804729    
   60.00000       30.00000       6.224241    
   60.00000       35.00000       6.705140    
   60.00000       40.00000       7.186039    
   60.00000       45.00000       7.666938    
   60.00000       50.00000       8.000000    
   65.00000      0.0000000E+00   4.000000    
   65.00000       5.000000       4.304812    
   65.00000       10.00000       4.674332    
   65.00000       15.00000       5.043850    
   65.00000       20.00000       5.413369    
   65.00000       25.00000       5.782887    
   65.00000       30.00000       6.201699    
   65.00000       35.00000       6.690730    
   65.00000       40.00000       7.179760    
   65.00000       45.00000       7.668791    
   65.00000       50.00000       8.000000    
   70.00000      0.0000000E+00   4.000000    
   70.00000       5.000000       4.278949    
   70.00000       10.00000       6.000000    
   70.00000       15.00000       6.000000    
   70.00000       20.00000       6.000000    
   70.00000       25.00000       5.853838    
   70.00000       30.00000       6.293554    
   70.00000       35.00000       6.760425    
   70.00000       40.00000       7.227296    
   70.00000       45.00000       7.694168    
   70.00000       50.00000       8.000000    
   75.00000      0.0000000E+00   4.000000    
   75.00000       5.000000       4.260883    
   75.00000       10.00000       6.000000    
   75.00000       15.00000       6.000000    
   75.00000       20.00000       6.000000    
   75.00000       25.00000       5.933050    
   75.00000       30.00000       6.375957    
   75.00000       35.00000       6.823606    
   75.00000       40.00000       7.271254    
   75.00000       45.00000       7.718903    
   75.00000       50.00000       8.000000    
   80.00000      0.0000000E+00   4.000000    
   80.00000       5.000000       4.255575    
   80.00000       10.00000       6.000000    
   80.00000       15.00000       6.000000    
   80.00000       20.00000       6.000000    
   80.00000       25.00000       5.956323    
   80.00000       30.00000       6.398584    
   80.00000       35.00000       6.842799    
   80.00000       40.00000       7.287015    
   80.00000       45.00000       7.731230    
   80.00000       50.00000       8.000000    
   85.00000      0.0000000E+00   4.000000    
   85.00000       5.000000       4.266141    
   85.00000       10.00000       6.000000    
   85.00000       15.00000       6.000000    
   85.00000       20.00000       6.000000    
   85.00000       25.00000       5.909996    
   85.00000       30.00000       6.349089    
   85.00000       35.00000       6.796071    
   85.00000       40.00000       7.243053    
   85.00000       45.00000       7.690035    
   85.00000       50.00000       8.000000    
   90.00000      0.0000000E+00   4.000000    
   90.00000       5.000000       4.286576    
   90.00000       10.00000       6.000000    
   90.00000       15.00000       6.000000    
   90.00000       20.00000       6.000000    
   90.00000       25.00000       5.820396    
   90.00000       30.00000       6.246967    
   90.00000       35.00000       6.711528    
   90.00000       40.00000       7.176088    
   90.00000       45.00000       7.640648    
   90.00000       50.00000       8.000000    
   95.00000      0.0000000E+00   4.000000    
   95.00000       5.000000       4.307500    
   95.00000       10.00000       4.662788    
   95.00000       15.00000       5.018076    
   95.00000       20.00000       5.373364    
   95.00000       25.00000       5.728653    
   95.00000       30.00000       6.115975    
   95.00000       35.00000       6.606850    
   95.00000       40.00000       7.097724    
   95.00000       45.00000       7.588598    
   95.00000       50.00000       8.000000    
   100.0000      0.0000000E+00   4.000000    
   100.0000       5.000000       4.322258    
   100.0000       10.00000       4.657680    
   100.0000       15.00000       4.993101    
   100.0000       20.00000       5.328523    
   100.0000       25.00000       5.663944    
   100.0000       30.00000       5.999365    
   100.0000       35.00000       6.514554    
   100.0000       40.00000       7.030083    
   100.0000       45.00000       7.545612    
   100.0000       50.00000       8.000000    
