  0.0000000E+00  0.0000000E+00   4.000000    
  0.0000000E+00   5.000000       4.327799    
  0.0000000E+00   10.00000       4.655762    
  0.0000000E+00   15.00000       4.983725    
  0.0000000E+00   20.00000       5.311688    
  0.0000000E+00   25.00000       5.639651    
  0.0000000E+00   30.00000       5.967614    
  0.0000000E+00   35.00000       6.474281    
  0.0000000E+00   40.00000       7.000527    
  0.0000000E+00   45.00000       7.526774    
  0.0000000E+00   50.00000       8.000000    
   5.000000      0.0000000E+00   4.000000    
   5.000000       5.000000       4.323985    
   5.000000       10.00000       4.657083    
   5.000000       15.00000       4.990180    
   5.000000       20.00000       5.323277    
   5.000000       25.00000       5.656375    
   5.000000       30.00000       5.989473    
   5.000000       35.00000       6.501688    
   5.000000       40.00000       7.019749    
   5.000000       45.00000       7.537810    
   5.000000       50.00000       8.000000    
   10.00000      0.0000000E+00   4.000000    
   10.00000       5.000000       4.310739    
   10.00000       10.00000       4.661667    
   10.00000       15.00000       5.012596    
   10.00000       20.00000       5.363524    
   10.00000       25.00000       5.714453    
   10.00000       30.00000       6.092113    
   10.00000       35.00000       6.586516    
   10.00000       40.00000       7.080921    
   10.00000       45.00000       7.575325    
   10.00000       50.00000       8.000000    
   15.00000      0.0000000E+00   4.000000    
   15.00000       5.000000       4.290553    
   15.00000       10.00000       4.000000    
   15.00000       15.00000       4.000000    
   15.00000       20.00000       4.000000    
   15.00000       25.00000       5.802960    
   15.00000       30.00000       6.223693    
   15.00000       35.00000       6.690818    
   15.00000       40.00000       7.157942    
   15.00000       45.00000       7.625067    
   15.00000       50.00000       8.000000    
   20.00000      0.0000000E+00   4.000000    
   20.00000       5.000000       4.269366    
   20.00000       10.00000       4.000000    
   20.00000       15.00000       4.000000    
   20.00000       20.00000       4.000000    
   20.00000       25.00000       5.895857    
   20.00000       30.00000       6.332678    
   20.00000       35.00000       6.779895    
   20.00000       40.00000       7.227113    
   20.00000       45.00000       7.674330    
   20.00000       50.00000       8.000000    
   25.00000      0.0000000E+00   4.000000    
   25.00000       5.000000       4.256373    
   25.00000       10.00000       4.000000    
   25.00000       15.00000       4.000000    
   25.00000       20.00000       4.000000    
   25.00000       25.00000       5.952824    
   25.00000       30.00000       6.392295    
   25.00000       35.00000       6.833689    
   25.00000       40.00000       7.275083    
   25.00000       45.00000       7.716476    
   25.00000       50.00000       8.000000    
   30.00000      0.0000000E+00   4.000000    
   30.00000       5.000000       4.258774    
   30.00000       10.00000       4.679656    
   30.00000       15.00000       5.100537    
   30.00000       20.00000       5.521419    
   30.00000       25.00000       5.942301    
   30.00000       30.00000       6.390847    
   30.00000       35.00000       6.843788    
   30.00000       40.00000       7.296729    
   30.00000       45.00000       7.749671    
   30.00000       50.00000       8.000000    
   35.00000      0.0000000E+00   4.000000    
   35.00000       5.000000       4.275146    
   35.00000       10.00000       4.673988    
   35.00000       15.00000       5.072829    
   35.00000       20.00000       5.471671    
   35.00000       25.00000       5.870513    
   35.00000       30.00000       6.326048    
   35.00000       35.00000       6.808839    
   35.00000       40.00000       7.291629    
   35.00000       45.00000       7.774419    
   35.00000       50.00000       8.000000    
   40.00000      0.0000000E+00   4.000000    
   40.00000       5.000000       4.296895    
   40.00000       10.00000       4.666460    
   40.00000       15.00000       5.036024    
   40.00000       20.00000       5.405589    
   40.00000       25.00000       5.775154    
   40.00000       30.00000       6.206903    
   40.00000       35.00000       6.735269    
   40.00000       40.00000       7.263634    
   40.00000       45.00000       7.791999    
   40.00000       50.00000       8.000000    
   45.00000      0.0000000E+00   4.000000    
   45.00000       5.000000       4.315487    
   45.00000       10.00000       4.660024    
   45.00000       15.00000       5.004560    
   45.00000       20.00000       5.349095    
   45.00000       25.00000       5.693632    
   45.00000       30.00000       6.064233    
   45.00000       35.00000       6.644060    
   45.00000       40.00000       7.223886    
   45.00000       45.00000       7.803713    
   45.00000       50.00000       8.000000    
   50.00000      0.0000000E+00   4.000000    
   50.00000       5.000000       4.326124    
   50.00000       10.00000       4.656342    
   50.00000       15.00000       4.986560    
   50.00000       20.00000       5.316778    
   50.00000       25.00000       5.646996    
   50.00000       30.00000       5.977215    
   50.00000       35.00000       6.575092    
   50.00000       40.00000       7.192807    
   50.00000       45.00000       7.810521    
   50.00000       50.00000       8.000000    
   55.00000      0.0000000E+00   4.000000    
   55.00000       5.000000       4.327024    
   55.00000       10.00000       4.656030    
   55.00000       15.00000       4.985036    
   55.00000       20.00000       5.314042    
   55.00000       25.00000       5.643047    
   55.00000       30.00000       5.972053    
   55.00000       35.00000       6.569028    
   55.00000       40.00000       7.190879    
   55.00000       45.00000       7.812730    
   55.00000       50.00000       8.000000    
   60.00000      0.0000000E+00   4.000000    
   60.00000       5.000000       4.318070    
   60.00000       10.00000       4.659130    
   60.00000       15.00000       5.000189    
   60.00000       20.00000       5.341249    
   60.00000       25.00000       5.682309    
   60.00000       30.00000       6.040413    
   60.00000       35.00000       6.630250    
   60.00000       40.00000       7.220086    
   60.00000       45.00000       7.809922    
   60.00000       50.00000       8.000000    
   65.00000      0.0000000E+00   4.000000    
   65.00000       5.000000       4.300664    
   65.00000       10.00000       4.665154    
   65.00000       15.00000       5.029644    
   65.00000       20.00000       5.394135    
   65.00000       25.00000       5.758625    
   65.00000       30.00000       6.182287    
   65.00000       35.00000       6.721961    
   65.00000       40.00000       7.261634    
   65.00000       45.00000       7.801308    
   65.00000       50.00000       8.000000    
   70.00000      0.0000000E+00   4.000000    
   70.00000       5.000000       4.278949    
   70.00000       10.00000       4.672671    
   70.00000       15.00000       5.066394    
   70.00000       20.00000       5.460115    
   70.00000       25.00000       5.853838    
   70.00000       30.00000       6.309466    
   70.00000       35.00000       6.801645    
   70.00000       40.00000       7.293825    
   70.00000       45.00000       7.786004    
   70.00000       50.00000       8.000000    
   75.00000      0.0000000E+00   4.000000    
   75.00000       5.000000       4.260883    
   75.00000       10.00000       6.000000    
   75.00000       15.00000       6.000000    
   75.00000       20.00000       6.000000    
   75.00000       25.00000       5.933050    
   75.00000       30.00000       6.385603    
   75.00000       35.00000       6.844738    
   75.00000       40.00000       7.303872    
   75.00000       45.00000       7.763006    
   75.00000       50.00000       8.000000    
   80.00000      0.0000000E+00   4.000000    
   80.00000       5.000000       4.255575    
   80.00000       10.00000       6.000000    
   80.00000       15.00000       6.000000    
   80.00000       20.00000       6.000000    
   80.00000       25.00000       5.956323    
   80.00000       30.00000       6.398584    
   80.00000       35.00000       6.842799    
   80.00000       40.00000       7.287015    
   80.00000       45.00000       7.731230    
   80.00000       50.00000       8.000000    
   85.00000      0.0000000E+00   4.000000    
   85.00000       5.000000       4.266141    
   85.00000       10.00000       6.000000    
   85.00000       15.00000       6.000000    
   85.00000       20.00000       6.000000    
   85.00000       25.00000       5.909996    
   85.00000       30.00000       6.349089    
   85.00000       35.00000       6.796071    
   85.00000       40.00000       7.243053    
   85.00000       45.00000       7.690035    
   85.00000       50.00000       8.000000    
   90.00000      0.0000000E+00   4.000000    
   90.00000       5.000000       4.286576    
   90.00000       10.00000       4.670031    
   90.00000       15.00000       5.053486    
   90.00000       20.00000       5.436941    
   90.00000       25.00000       5.820396    
   90.00000       30.00000       6.246967    
   90.00000       35.00000       6.711528    
   90.00000       40.00000       7.176088    
   90.00000       45.00000       7.640648    
   90.00000       50.00000       8.000000    
   95.00000      0.0000000E+00   4.000000    
   95.00000       5.000000       4.307500    
   95.00000       10.00000       4.662788    
   95.00000       15.00000       5.018076    
   95.00000       20.00000       5.373364    
   95.00000       25.00000       5.728653    
   95.00000       30.00000       6.115975    
   95.00000       35.00000       6.606850    
   95.00000       40.00000       7.097724    
   95.00000       45.00000       7.588598    
   95.00000       50.00000       8.000000    
   100.0000      0.0000000E+00   4.000000    
   100.0000       5.000000       4.322258    
   100.0000       10.00000       4.657680    
   100.0000       15.00000       4.993101    
   100.0000       20.00000       5.328523    
   100.0000       25.00000       5.663944    
   100.0000       30.00000       5.999365    
   100.0000       35.00000       6.514554    
   100.0000       40.00000       7.030083    
   100.0000       45.00000       7.545612    
   100.0000       50.00000       8.000000    
